# step msd_x msd_y msd_z msd_total (Ang^2)
# TimeStep c_msd_Na[1] c_msd_Na[2] c_msd_Na[3] c_msd_Na[4]
0 0 1.07647e-30 8.13513e-31 1.88998e-30
100 0.256443 0.230722 0.215394 0.702559
200 0.318425 0.262449 0.321005 0.901879
300 0.329216 0.411 0.346035 1.08625
400 0.315966 0.323064 0.291447 0.930477
500 0.36324 0.333309 0.317883 1.01443
600 0.454814 0.400159 0.36217 1.21714
700 0.403761 0.407286 0.318427 1.12947
800 0.32824 0.342138 0.372265 1.04264
900 0.378041 0.388634 0.397267 1.16394
1000 0.478476 0.316607 0.459213 1.2543
1100 0.498534 0.311939 0.387409 1.19788
1200 0.365017 0.338997 0.429485 1.1335
1300 0.468636 0.3378 0.457189 1.26362
1400 0.455937 0.394745 0.477692 1.32837
1500 0.452918 0.400729 0.535779 1.38943
1600 0.453462 0.354607 0.505679 1.31375
1700 0.358402 0.340208 0.436481 1.13509
1800 0.42896 0.46781 0.412776 1.30955
1900 0.401991 0.357842 0.405278 1.16511
2000 0.325319 0.411221 0.384663 1.1212
2100 0.374316 0.392665 0.395179 1.16216
2200 0.31968 0.350676 0.377638 1.04799
2300 0.335469 0.352663 0.434257 1.12239
2400 0.389994 0.311706 0.329604 1.0313
2500 0.301089 0.311575 0.331621 0.944285
2600 0.36434 0.330013 0.396488 1.09084
2700 0.349028 0.299413 0.369746 1.01819
2800 0.334039 0.282772 0.373768 0.990578
2900 0.42911 0.374365 0.39619 1.19967
3000 0.628178 0.483041 0.446692 1.55791
3100 0.496782 0.449909 0.572494 1.51919
3200 0.400215 0.310651 0.471863 1.18273
3300 0.432835 0.296408 0.541476 1.27072
3400 0.465243 0.392761 0.571246 1.42925
3500 0.531993 0.570215 0.761868 1.86408
3600 0.558046 0.633568 0.846674 2.03829
3700 0.641519 0.605044 0.821623 2.06819
3800 0.895058 0.594546 0.876745 2.36635
3900 0.803105 0.642517 0.94355 2.38917
4000 0.779412 0.687005 0.942429 2.40885
4100 0.873665 0.645892 0.888641 2.4082
4200 1.01615 0.66515 1.12606 2.80736
4300 1.04533 0.797014 1.04266 2.885
4400 1.27231 0.895899 1.35315 3.52136
4500 1.17653 0.912689 1.30631 3.39553
4600 1.09346 1.12251 1.49668 3.71266
4700 1.3608 1.04309 1.53121 3.93509
4800 1.48331 1.14267 1.60141 4.22739
4900 1.48628 1.05404 1.52466 4.06498
5000 1.49696 1.29255 1.78879 4.57829
5100 1.64139 1.29229 2.05469 4.98837
5200 1.82574 1.40672 1.91223 5.14469
5300 2.02187 1.48403 2.46314 5.96904
5400 2.0617 1.48937 2.33632 5.88738
5500 1.96803 1.51826 2.63807 6.12437
5600 2.0269 1.5409 2.3605 5.92831
5700 2.25702 1.65062 2.32513 6.23277
5800 2.30287 1.69925 2.31408 6.3162
5900 2.19344 1.76139 2.28725 6.24208
6000 2.3485 1.95889 2.35677 6.66416
6100 2.17246 2.16302 2.40417 6.73965
6200 2.08044 2.04937 2.26547 6.39528
6300 2.35131 2.06818 2.47215 6.89164
6400 2.31435 2.07295 2.46571 6.85301
6500 2.47187 1.94041 2.60248 7.01477
6600 2.41596 2.12841 2.62589 7.17026
6700 2.46843 2.22696 2.44536 7.14075
6800 2.39242 2.00209 2.62463 7.01915
6900 2.60688 2.10833 2.43998 7.15518
7000 2.59582 2.10803 2.59612 7.29997
7100 2.33381 1.99692 2.65637 6.9871
7200 2.37371 2.33706 2.74341 7.45418
7300 2.37408 2.16466 2.69908 7.23783
7400 2.34808 2.10078 2.49311 6.94198
7500 2.46165 2.25792 2.57 7.28957
7600 2.63066 2.073 2.57115 7.27481
7700 2.46689 2.13078 2.60599 7.20367
7800 2.54315 2.06017 2.37203 6.97535
7900 2.44452 2.21562 2.48655 7.14669
8000 2.63477 2.16182 2.50063 7.29722
8100 2.36478 2.21569 2.66151 7.24197
8200 2.60582 1.95937 2.56168 7.12687
8300 2.61349 2.12579 2.61031 7.34959
8400 2.86526 2.35565 2.73221 7.95312
8500 2.89707 2.19994 2.66529 7.76231
8600 2.58266 2.13976 2.75716 7.47958
8700 2.59165 2.22771 2.59215 7.41151
8800 2.47024 2.31772 2.64094 7.4289
8900 2.72916 2.13381 2.73192 7.59489
9000 2.60683 2.02866 2.51545 7.15094
9100 2.50953 2.03066 2.72437 7.26456
9200 2.43894 2.14306 2.80609 7.3881
9300 2.71221 2.04897 2.75732 7.5185
9400 2.55157 2.09463 2.92329 7.56948
9500 2.40414 2.29733 2.92568 7.62714
9600 2.48104 2.20208 2.86445 7.54757
9700 2.27262 2.37098 2.67119 7.31479
9800 2.31009 2.38712 2.80662 7.50382
9900 2.502 2.4372 2.78752 7.72672
10000 2.68669 2.43194 2.9432 8.06183
10100 2.35631 2.22363 2.52648 7.10643
10200 2.40059 2.30777 2.54229 7.25065
10300 2.65287 2.21338 2.52736 7.39361
10400 2.76284 2.32804 2.46356 7.55444
10500 2.76708 2.65391 2.68522 8.10621
10600 2.67774 2.43393 2.76978 7.88145
10700 2.58487 2.37387 2.77117 7.72991
10800 2.70169 2.43545 2.82917 7.96631
10900 2.80106 2.25971 2.7065 7.76728
11000 2.69525 2.43997 2.47074 7.60597
11100 2.86938 2.48491 2.43096 7.78526
11200 2.68768 2.46447 2.55516 7.70731
11300 2.59843 2.48288 2.68979 7.7711
11400 2.35688 2.5531 2.75109 7.66107
11500 2.5917 2.55698 2.76645 7.91512
11600 2.60296 2.589 2.58822 7.78018
11700 2.58244 2.58742 2.93003 8.09989
11800 2.62696 2.48515 3.01407 8.12618
11900 2.51347 2.33736 2.94335 7.79419
12000 2.72671 2.55923 2.86803 8.15396
12100 2.69058 2.729 2.83093 8.25051
12200 2.7259 2.61339 2.84261 8.1819
12300 2.76686 2.55775 2.90434 8.22895
12400 2.66188 2.64487 2.65693 7.96368
12500 2.74819 2.57558 2.79865 8.12243
12600 2.70044 2.57032 2.49554 7.7663
12700 2.57643 2.48395 2.71393 7.77431
12800 2.52552 2.34848 2.53706 7.41106
12900 2.70129 2.48016 2.74079 7.92224
13000 2.77136 2.67939 2.94821 8.39895
13100 2.83701 2.40419 2.73161 7.97281
13200 2.57566 2.43307 2.70534 7.71408
13300 2.55311 2.56678 2.67576 7.79565
13400 2.59617 2.50532 2.78705 7.88855
13500 2.59017 2.36744 2.74941 7.70702
13600 2.59395 2.49979 2.87122 7.96497
13700 2.55792 2.50808 2.88268 7.94868
13800 2.36445 2.59637 2.7091 7.66992
13900 2.63179 2.59354 2.54217 7.76751
14000 2.94512 2.49083 2.91 8.34595
14100 2.95305 2.70082 3.0881 8.74196
14200 3.05232 2.5704 2.9679 8.59062
14300 2.93374 2.40433 3.01365 8.35172
14400 3.01819 2.41577 2.83266 8.26662
14500 2.86812 2.38448 2.80562 8.05821
14600 2.88678 2.47496 3.01781 8.37954
14700 2.81798 2.61733 2.97619 8.4115
14800 2.68588 2.48892 2.83307 8.00787
14900 2.77904 2.51031 2.93497 8.22432
15000 2.76862 2.62097 2.84961 8.2392
15100 2.69956 2.49993 3.07151 8.27099
15200 2.65184 2.44496 3.02912 8.12592
15300 2.94882 2.46004 2.69627 8.10513
15400 2.92087 2.46186 2.63817 8.02091
15500 2.95951 2.74101 2.97635 8.67687
15600 2.60929 2.87036 2.99257 8.47222
15700 2.85899 2.82509 2.82568 8.50976
15800 2.87858 2.72834 2.95199 8.55891
15900 2.89104 2.61932 2.88224 8.3926
16000 2.95156 2.65094 2.97567 8.57818
16100 2.7468 2.63761 2.96029 8.3447
16200 2.93154 2.77843 3.1677 8.87767
16300 2.99908 2.71835 3.30495 9.02238
16400 2.82518 2.87553 3.20154 8.90225
16500 2.75675 2.79427 3.30654 8.85756
16600 2.60772 2.76807 3.38907 8.76487
16700 2.91941 2.72115 3.31559 8.95615
16800 3.10585 2.87481 3.50532 9.48599
16900 3.40067 2.7399 3.37318 9.51375
17000 3.39373 2.67505 3.44879 9.51757
17100 3.31369 2.95254 3.13394 9.40016
17200 3.23533 2.89662 3.23743 9.36938
17300 3.36541 2.9875 3.60971 9.96263
17400 3.48626 2.78657 3.52827 9.8011
17500 3.42184 2.77192 3.26467 9.45842
17600 3.59761 2.94305 3.37914 9.9198
17700 3.43092 2.88173 3.57521 9.88787
17800 3.41903 2.66026 3.43926 9.51854
17900 3.64349 2.51344 3.41858 9.57551
18000 3.50769 2.47784 3.44772 9.43324
18100 3.58986 2.77149 3.59666 9.95801
18200 3.58659 2.56798 3.41326 9.56783
18300 3.39296 2.76791 3.38103 9.5419
18400 3.57598 2.87911 3.37619 9.83128
18500 3.5287 3.07936 3.47481 10.0829
18600 3.29694 2.86165 3.54319 9.70178
18700 3.68967 2.76296 3.4206 9.87322
18800 3.42069 2.87248 3.33918 9.63234
18900 3.56033 2.66641 3.27319 9.49993
19000 3.43915 2.83707 3.15825 9.43448
19100 3.37073 2.77523 3.25226 9.39823
19200 3.30378 2.91755 3.40925 9.63058
19300 3.43674 2.98955 3.54897 9.97527
19400 3.58991 2.81154 3.38912 9.79057
19500 3.28696 2.87988 3.37082 9.53766
19600 3.25015 2.76118 3.37392 9.38525
19700 3.27136 2.8165 3.33106 9.41892
19800 3.45886 2.94881 3.39267 9.80034
19900 3.49276 2.99026 3.21353 9.69655
20000 3.50667 2.72682 3.67517 9.90866
20100 3.37643 2.69318 3.39938 9.469
20200 3.58752 2.96574 3.22971 9.78296
20300 3.52759 2.71304 3.09298 9.33361
20400 3.46696 2.76309 3.1736 9.40365
20500 3.21929 2.64137 3.27997 9.14063
20600 3.32708 2.80022 3.21299 9.34029
20700 3.48846 2.73139 3.44308 9.66293
20800 3.37247 2.78793 3.34466 9.50506
20900 3.89413 2.8117 3.50843 10.2143
21000 3.92859 2.89275 3.41669 10.238
21100 4.06923 2.9089 3.73046 10.7086
21200 4.08911 2.87204 3.63295 10.5941
21300 4.17332 2.95575 3.74909 10.8782
21400 3.87766 2.94334 3.86139 10.6824
21500 3.94966 2.7239 3.61363 10.2872
21600 3.33315 2.66756 3.81354 9.81424
21700 3.74616 2.77701 3.74435 10.2675
21800 3.59049 2.84907 3.5667 10.0063
21900 3.90158 2.87312 3.81465 10.5893
22000 3.88416 2.72576 3.81012 10.42
22100 4.11273 3.31585 3.77771 11.2063
22200 4.16067 3.14798 3.88406 11.1927
22300 4.50992 3.03239 3.58809 11.1304
22400 4.3316 2.85817 3.65814 10.8479
22500 4.29257 2.91029 3.7555 10.9584
22600 4.54666 2.92832 3.89792 11.3729
22700 4.53672 3.15346 3.88617 11.5764
22800 4.11494 3.02666 3.93572 11.0773
22900 4.3071 2.93448 4.06362 11.3052
23000 4.1588 3.01953 4.33453 11.5129
23100 4.64721 3.27823 4.25667 12.1821
23200 4.49935 3.53654 4.30418 12.3401
23300 4.57152 3.4184 4.46301 12.4529
23400 4.82918 3.41026 4.59511 12.8346
23500 4.83829 3.37244 4.59479 12.8055
23600 4.58762 3.38311 4.79403 12.7648
23700 4.72174 3.4332 4.71689 12.8718
23800 4.70044 3.79303 4.89955 13.393
23900 4.81854 3.94362 4.7859 13.5481
24000 4.8839 3.61316 5.06464 13.5617
24100 4.5783 3.46313 4.66389 12.7053
24200 4.72605 3.48003 4.90059 13.1067
24300 4.9584 3.6132 4.64276 13.2144
24400 4.90797 3.9215 4.74163 13.5711
24500 4.82822 3.87124 4.74166 13.4411
24600 4.58086 3.86856 4.49152 12.9409
24700 4.44539 3.84488 4.45739 12.7477
24800 4.69166 3.95049 4.92786 13.57
24900 4.95787 3.80049 4.89378 13.6521
25000 4.85775 3.58251 4.91978 13.36
25100 4.90606 3.9937 5.05619 13.956
25200 4.90592 3.95793 4.90734 13.7712
25300 4.9253 3.91315 5.39185 14.2303
25400 5.09015 4.31333 4.94659 14.3501
25500 5.19729 4.0699 5.36884 14.636
25600 4.82542 4.25415 5.32601 14.4056
25700 4.72939 4.6196 5.52531 14.8743
25800 4.96859 4.12069 5.29029 14.3796
25900 4.80732 4.0788 4.93467 13.8208
26000 4.83967 4.19642 4.91405 13.9501
26100 4.95627 4.33498 4.72426 14.0155
26200 4.89344 4.25548 5.29858 14.4475
26300 4.92823 4.51264 5.66403 15.1049
26400 4.71726 4.32566 5.03295 14.0759
26500 4.66253 4.36507 5.38923 14.4168
26600 4.9802 4.35206 5.64817 14.9804
26700 5.2993 4.22625 5.49672 15.0223
26800 5.12302 4.29873 5.35777 14.7795
26900 5.10209 4.62383 5.6686 15.3945
27000 5.05091 3.83276 5.24382 14.1275
27100 5.1074 3.94738 5.33618 14.391
27200 5.12465 4.00856 5.43727 14.5705
27300 5.23467 4.16168 5.70775 15.1041
27400 5.34945 4.50767 5.9155 15.7726
27500 5.38675 4.15206 5.73102 15.2698
27600 5.42537 4.30192 5.36167 15.089
27700 5.34461 4.12725 5.6918 15.1637
27800 5.48645 4.39034 5.7067 15.5835
27900 5.08041 4.08159 5.57755 14.7395
28000 5.20497 4.14849 5.74791 15.1014
28100 4.76491 4.41144 5.50184 14.6782
28200 4.73532 4.27989 6.26823 15.2834
28300 5.08575 4.14066 6.04367 15.2701
28400 5.10619 4.42371 5.71124 15.2411
28500 5.11101 4.62318 5.6099 15.3441
28600 5.41067 4.34422 5.36525 15.1201
28700 5.4117 4.65142 5.34522 15.4083
28800 5.83056 4.50263 5.41632 15.7495
28900 5.7477 4.37379 5.48221 15.6037
29000 5.84429 4.32459 5.04502 15.2139
29100 5.57973 4.62431 5.4168 15.6208
29200 5.56492 4.42883 5.55758 15.5513
29300 5.28661 4.34416 5.78383 15.4146
29400 5.71655 4.35676 5.82952 15.9028
29500 5.5155 4.82059 5.72653 16.0626
29600 5.18684 4.67893 6.27602 16.1418
29700 5.53919 4.91437 5.77294 16.2265
29800 5.4454 4.53945 5.67921 15.6641
29900 5.84288 4.83547 5.67513 16.3535
30000 5.75381 4.97524 5.60311 16.3322
30100 5.71734 4.73921 5.66847 16.125
30200 5.87263 4.73234 6.09041 16.6954
30300 5.76195 4.72609 5.59845 16.0865
30400 5.82033 4.70908 5.78318 16.3126
30500 5.72401 4.90288 5.65912 16.286
30600 5.64512 5.05212 5.93508 16.6323
30700 5.41636 4.9081 5.97508 16.2995
30800 5.50442 4.7481 5.96212 16.2146
30900 5.71805 4.86667 5.99748 16.5822
31000 5.86888 5.13941 6.15876 17.1671
31100 5.67651 4.89873 6.38813 16.9634
31200 5.9567 5.05891 6.09878 17.1144
31300 6.14397 5.07792 6.35644 17.5783
31400 5.95126 5.40246 6.49623 17.85
31500 5.66394 5.16617 6.27928 17.1094
31600 5.96878 5.34631 6.18786 17.5029
31700 5.94866 5.49442 6.40818 17.8513
31800 6.57278 5.4648 6.40096 18.4385
31900 6.3817 5.56629 6.14436 18.0924
32000 6.47862 5.50419 6.58155 18.5644
32100 6.24961 5.6393 6.75876 18.6477
32200 6.37674 5.09898 6.14411 17.6198
32300 6.7869 5.49156 6.8254 19.1039
32400 6.67511 5.45371 6.66473 18.7935
32500 6.50952 5.8084 6.11845 18.4364
32600 6.52089 5.34916 6.57359 18.4436
32700 6.45659 6.20505 6.89877 19.5604
32800 6.46074 5.90488 6.91234 19.2779
32900 6.48871 5.67102 6.50501 18.6647
33000 6.24289 5.70321 6.97628 18.9224
33100 6.4669 5.79274 6.55711 18.8167
33200 6.12405 5.97856 6.86333 18.9659
33300 6.64779 5.77006 6.65755 19.0754
33400 6.16119 6.09649 6.47435 18.732
33500 6.4252 5.9247 6.13619 18.4861
33600 6.6042 6.02193 6.81135 19.4375
33700 6.4616 6.04548 6.71128 19.2184
33800 6.3976 6.38642 6.95929 19.7433
33900 6.75254 6.26769 7.21559 20.2358
34000 6.42398 6.29695 6.73292 19.4539
34100 6.57208 6.3634 6.62342 19.5589
34200 6.46858 6.62485 6.74507 19.8385
34300 6.45995 6.41883 6.95429 19.8331
34400 6.59486 6.48658 6.58543 19.6669
34500 7.08352 6.49054 6.86042 20.4345
34600 6.69341 6.2179 7.29954 20.2109
34700 6.93598 6.47346 7.26285 20.6723
34800 7.36298 6.07895 7.613 21.0549
34900 7.2276 6.23648 7.6505 21.1146
35000 7.16688 6.13452 7.48514 20.7865
35100 7.14988 6.34678 6.98602 20.4827
35200 7.21554 6.34635 6.96122 20.5231
35300 7.02776 6.4447 7.24044 20.7129
35400 7.19481 6.19092 7.39591 20.7816
35500 7.14185 6.49344 7.10831 20.7436
35600 7.29579 6.17042 7.09332 20.5595
35700 7.0744 6.42983 7.08181 20.586
35800 7.10818 6.78573 7.35965 21.2536
35900 7.01759 6.64946 6.9008 20.5679
36000 7.22972 7.19935 7.3639 21.793
36100 7.52314 6.70052 7.30249 21.5261
36200 7.8106 6.8417 7.22424 21.8765
36300 7.29217 6.97839 6.79207 21.0626
36400 7.37545 7.06297 6.93625 21.3747
36500 7.39571 7.08027 7.2126 21.6886
36600 7.46225 7.4929 6.99292 21.9481
36700 7.41041 7.62338 6.659 21.6928
36800 7.15246 6.91719 7.03574 21.1054
36900 7.05227 7.60547 6.80377 21.4615
37000 6.95251 7.27955 6.98595 21.218
37100 7.08629 7.05253 6.94824 21.0871
37200 7.08599 7.24643 6.79542 21.1278
37300 7.23935 7.28245 7.04337 21.5652
37400 7.17027 7.16819 7.253 21.5915
37500 6.89584 6.85903 6.71151 20.4664
37600 7.19503 7.22589 7.0518 21.4727
37700 7.65829 7.30105 6.66293 21.6223
37800 7.37355 6.82802 7.11579 21.3174
37900 7.82348 7.20265 7.37908 22.4052
38000 7.85411 7.24355 7.31877 22.4164
38100 7.79165 7.0419 7.4455 22.279
38200 7.73813 7.10942 7.89538 22.7429
38300 7.79481 7.21256 7.76124 22.7686
38400 7.31487 7.54877 7.39248 22.2561
38500 7.22617 7.47117 7.50392 22.2013
38600 7.19334 7.32499 7.5431 22.0614
38700 7.58992 7.25342 7.51846 22.3618
38800 7.36186 7.53536 7.52687 22.4241
38900 8.19457 7.56676 7.65656 23.4179
39000 7.63316 8.01068 7.21367 22.8575
39100 8.17089 7.82655 7.8008 23.7982
39200 7.70917 7.94592 7.43483 23.0899
39300 7.48917 7.59583 7.24797 22.333
39400 7.42742 8.0119 7.95675 23.3961
39500 7.584 8.16059 7.77084 23.5154
39600 7.36546 8.54758 7.69486 23.6079
39700 7.48964 8.35918 7.77212 23.6209
39800 7.43234 7.9282 7.56277 22.9233
39900 7.50619 7.5842 7.24107 22.3315
40000 7.23574 8.00428 7.10969 22.3497
40100 7.73643 7.77953 7.63467 23.1506
40200 7.46431 7.92291 7.62646 23.0137
40300 7.5612 8.10752 7.49938 23.1681
40400 7.72545 7.61996 7.36306 22.7085
40500 7.13738 7.94608 7.12948 22.2129
40600 7.45799 8.06673 7.61005 23.1348
40700 7.29862 7.93171 7.6119 22.8422
40800 7.93286 8.34984 7.84732 24.13
40900 7.79142 8.24608 7.68049 23.718
41000 7.751 8.06801 7.5775 23.3965
41100 7.82912 7.90092 7.80156 23.5316
41200 7.47758 7.94675 7.99004 23.4144
41300 7.67455 8.06297 7.6509 23.3884
41400 7.19647 8.04504 7.5806 22.8221
41500 7.14889 7.79969 7.67382 22.6224
41600 7.25209 8.03314 7.74678 23.032
41700 7.71853 8.12182 7.64279 23.4831
41800 7.53637 8.1039 7.56304 23.2033
41900 7.82841 8.43626 8.21371 24.4784
42000 7.84817 8.31127 8.20273 24.3622
42100 7.68627 8.21026 8.03464 23.9312
42200 7.09112 9.02244 7.98657 24.1001
42300 7.08436 8.2896 8.04312 23.4171
42400 7.07609 8.70576 7.88801 23.6699
42500 7.07656 8.54697 7.90836 23.5319
42600 7.10547 8.04229 7.59807 22.7458
42700 6.58537 8.23169 8.31835 23.1354
42800 7.02654 8.41844 8.12491 23.5699
42900 7.22863 8.54351 8.17919 23.9513
43000 7.49425 8.14655 8.01228 23.6531
43100 7.33842 8.02953 8.08827 23.4562
43200 7.19654 8.38361 7.7186 23.2987
43300 7.0329 8.57385 8.04145 23.6482
43400 7.24945 8.50462 8.19396 23.948
43500 6.6472 8.51842 7.7987 22.9643
43600 7.56389 8.56633 8.14909 24.2793
43700 7.40438 8.54864 8.37601 24.329
43800 7.31042 8.70271 8.1846 24.1977
43900 7.10823 8.36642 8.33044 23.8051
44000 7.57751 8.68491 8.61217 24.8746
44100 7.46486 8.55422 8.43335 24.4524
44200 7.50167 9.03315 7.76571 24.3005
44300 7.32444 8.72026 7.63524 23.6799
44400 7.40111 9.02372 7.72363 24.1485
44500 7.29493 8.47378 7.93925 23.708
44600 7.28473 8.46887 7.99444 23.748
44700 7.03899 8.1305 8.29415 23.4636
44800 7.09219 8.07067 8.84665 24.0095
44900 7.02447 8.21126 8.37866 23.6144
45000 7.08422 8.07173 8.40647 23.5624
45100 7.52542 8.25253 8.45062 24.2286
45200 7.32613 7.99393 8.28013 23.6002
45300 7.3259 8.49712 8.29748 24.1205
45400 7.54514 8.34595 8.07673 23.9678
45500 7.12787 8.28245 8.02968 23.44
45600 6.97664 8.69677 8.06475 23.7382
45700 7.05122 8.79735 7.88047 23.729
45800 7.02623 8.56917 7.93279 23.5282
45900 7.26634 8.52637 8.28257 24.0753
46000 7.4163 8.67462 8.4809 24.5718
46100 7.22461 8.40164 8.06938 23.6956
46200 7.5326 8.79713 7.91583 24.2456
46300 7.82207 8.44914 8.0286 24.2998
46400 7.45339 8.28368 8.12961 23.8667
46500 7.65839 8.79339 8.29566 24.7474
46600 7.50492 8.92412 8.24141 24.6704
46700 7.21708 8.79731 8.06626 24.0807
46800 7.59721 8.63487 8.33078 24.5629
46900 7.94143 8.49387 8.22936 24.6647
47000 7.49824 8.55457 8.63867 24.6915
47100 7.41706 8.6371 8.41455 24.4687
47200 7.63931 8.84373 8.5436 25.0266
47300 8.03935 8.86117 8.27656 25.1771
47400 7.82781 8.92761 8.50178 25.2572
47500 7.66588 8.44401 8.48908 24.599
47600 7.49788 8.33503 8.70393 24.5368
47700 7.43613 8.36414 8.30739 24.1077
47800 7.94761 8.72934 8.56198 25.2389
47900 7.64838 8.37335 8.60265 24.6244
48000 8.03572 8.66162 8.61985 25.3172
48100 7.55703 8.21956 8.66896 24.4455
48200 7.79671 8.67655 8.65731 25.1306
48300 7.57707 8.58554 8.44068 24.6033
48400 7.64735 8.03981 8.44804 24.1352
48500 7.63361 8.51849 8.28819 24.4403
48600 7.49997 8.59983 8.02749 24.1273
48700 7.62437 8.17325 7.84396 23.6416
48800 7.67154 7.58854 8.19598 23.456
48900 7.69705 8.25229 8.13072 24.0801
49000 7.56622 8.22649 8.26934 24.062
49100 7.62039 8.4197 8.03003 24.0701
49200 7.45236 8.74313 8.16442 24.3599
49300 7.56708 8.00804 8.21271 23.7878
49400 7.94911 8.10968 8.46729 24.5261
49500 7.58738 8.24613 8.00025 23.8338
49600 7.70406 8.09 7.94326 23.7373
49700 7.6901 7.83937 8.38166 23.9111
49800 7.65221 8.23904 8.46788 24.3591
49900 7.78634 7.67568 8.18576 23.6478
50000 8.14439 8.07961 8.4736 24.6976
50100 7.9575 8.18578 8.69844 24.8417
50200 8.1345 8.77867 8.22453 25.1377
50300 8.32755 8.78054 8.23756 25.3456
50400 8.19591 8.52439 8.25839 24.9787
50500 7.8094 8.62621 8.05617 24.4918
50600 7.96413 8.18766 8.73011 24.8819
50700 8.03618 8.14195 8.71019 24.8883
50800 8.14208 8.27087 8.73246 25.1454
50900 8.23453 8.20339 8.12471 24.5626
51000 8.26514 8.43104 8.82288 25.5191
51100 8.22335 8.65445 8.59451 25.4723
51200 8.17114 8.53726 8.27228 24.9807
51300 8.22549 8.33255 8.34348 24.9015
51400 8.34931 8.46148 7.99488 24.8057
51500 7.97759 8.14684 8.32328 24.4477
51600 8.27511 8.26018 8.55743 25.0927
51700 8.17344 8.58106 8.47952 25.234
51800 8.44642 8.39343 8.04496 24.8848
51900 8.4859 8.39436 8.06631 24.9466
52000 8.26076 8.25395 8.64602 25.1607
52100 8.30921 8.42716 8.16638 24.9028
52200 8.80112 8.57633 8.50079 25.8782
52300 9.03532 8.47804 8.55296 26.0663
52400 8.199 8.56932 8.46036 25.2287
52500 8.44983 8.21191 8.55113 25.2129
52600 8.59062 8.48775 8.42131 25.4997
52700 8.6934 8.34527 8.64256 25.6812
52800 8.50804 8.53859 8.38152 25.4282
52900 8.40675 8.50068 8.4483 25.3557
53000 8.67745 8.29359 8.20935 25.1804
53100 8.78264 8.52646 8.52618 25.8353
53200 8.25641 8.54151 8.55022 25.3481
53300 8.20756 8.52371 8.55943 25.2907
53400 8.50982 8.45606 8.56753 25.5334
53500 8.63704 8.43463 8.89895 25.9706
53600 8.46655 8.10065 9.13405 25.7013
53700 7.87011 8.02665 8.79371 24.6905
53800 8.35838 7.96455 8.5801 24.903
53900 8.37813 8.22743 9.06808 25.6736
54000 8.64638 7.85346 8.95883 25.4587
54100 8.30835 8.40645 8.5573 25.2721
54200 8.189 8.43337 8.93407 25.5564
54300 7.96649 8.79604 9.1344 25.8969
54400 8.29949 8.77043 8.69233 25.7623
54500 8.22053 8.12227 9.14125 25.484
54600 8.39665 8.54118 8.7481 25.6859
54700 8.25779 9.43667 9.00975 26.7042
54800 8.58822 9.19725 9.19154 26.977
54900 8.62374 8.79083 9.68629 27.1009
55000 8.36168 9.20624 9.63624 27.2042
55100 8.69533 9.42383 9.57227 27.6914
55200 8.24952 9.68719 9.32276 27.2595
55300 8.94882 9.79274 9.47054 28.2121
55400 8.54018 9.28872 9.55752 27.3864
55500 8.84376 9.04193 9.48652 27.3722
55600 8.71131 8.38086 9.40703 26.4992
55700 8.83334 8.84918 9.1888 26.8713
55800 8.71572 9.00073 9.3138 27.0303
55900 8.57219 8.56169 9.58846 26.7223
56000 8.4077 8.91491 8.9051 26.2277
56100 8.76227 8.79914 9.39199 26.9534
56200 8.59905 9.01704 9.19867 26.8148
56300 8.18046 8.83326 8.9666 25.9803
56400 8.51515 9.26335 9.11114 26.8896
56500 8.3205 9.49872 9.4723 27.2915
56600 8.82671 9.09049 9.54694 27.4641
56700 9.33229 9.05063 9.34939 27.7323
56800 8.86814 9.20427 9.90874 27.9812
56900 8.65283 8.70076 9.20266 26.5562
57000 8.71503 8.84933 9.67311 27.2375
57100 9.11069 9.15031 9.55462 27.8156
57200 9.31826 9.17205 9.51119 28.0015
57300 9.46295 8.83379 9.43561 27.7323
57400 9.54644 8.87347 9.68889 28.1088
57500 9.1587 8.79944 9.34163 27.2998
57600 8.61825 8.64682 9.50394 26.769
57700 8.95345 9.25614 9.46193 27.6715
57800 9.14183 9.04302 9.5874 27.7722
57900 9.03365 9.03733 9.66901 27.74
58000 8.79575 8.84344 9.72204 27.3612
58100 8.72174 8.91659 10.1108 27.7492
58200 8.57094 9.19383 9.76544 27.5302
58300 9.16433 9.04491 9.88047 28.0897
58400 8.65068 8.85397 9.68953 27.1942
58500 8.63917 8.875 9.29327 26.8074
58600 8.79544 9.08349 9.53326 27.4122
58700 8.89162 9.21165 9.91214 28.0154
58800 8.44511 8.64604 9.86215 26.9533
58900 8.6295 9.34761 9.65619 27.6333
59000 8.99447 9.19367 9.84071 28.0289
59100 8.97055 9.51436 9.16277 27.6477
59200 8.70751 9.44487 9.30414 27.4565
59300 8.9794 9.20954 8.92004 27.109
59400 8.86173 9.28519 9.51178 27.6587
59500 8.84557 9.43389 9.43587 27.7153
59600 8.37003 9.43761 9.20068 27.0083
59700 8.34491 8.6895 9.27354 26.3079
59800 9.18285 8.59366 9.29914 27.0756
59900 9.25111 8.80854 9.23894 27.2986
60000 8.73684 9.1846 9.10735 27.0288
60100 8.73092 9.42288 8.78698 26.9408
60200 8.69207 8.79446 9.02558 26.5121
60300 8.50656 9.24913 9.24509 27.0008
60400 8.91727 8.71553 9.15245 26.7853
60500 9.24857 9.15092 8.98731 27.3868
60600 8.73041 9.06115 9.04192 26.8335
60700 8.60891 8.85823 9.19091 26.6581
60800 8.92147 9.69297 9.63121 28.2456
60900 8.87772 9.46791 9.34314 27.6888
61000 9.31036 9.50134 9.49592 28.3076
61100 9.52518 9.50514 9.56844 28.5988
61200 9.58535 9.48874 9.61849 28.6926
61300 10.1937 9.46877 10.2363 29.8988
61400 10.2459 9.65781 10.17 30.0738
61500 10.4238 10.2447 10.1284 30.7969
61600 10.3294 10.017 10.1956 30.5421
61700 10.4611 10.2235 10.7338 31.4184
61800 10.8502 10.1252 10.5965 31.5718
61900 10.8638 10.2846 10.1127 31.2611
62000 10.8339 9.98017 9.88226 30.6963
62100 10.7218 10.2694 10.163 31.1541
62200 10.6195 10.0058 9.68539 30.3107
62300 10.0765 10.3388 10.2324 30.6477
62400 10.0016 10.1896 10.3271 30.5182
62500 10.3179 10.1698 10.8785 31.3662
62600 10.4829 10.9647 10.9059 32.3535
62700 10.1944 10.9835 10.6779 31.8558
62800 9.9026 10.508 10.6415 31.0521
62900 9.66459 10.0076 10.6769 30.3491
63000 9.62238 10.0097 10.6181 30.2502
63100 9.98904 10.0087 10.6271 30.6248
63200 10.0662 9.99011 10.9791 31.0354
63300 9.96469 10.0842 10.9059 30.9548
63400 9.58255 9.96673 10.7365 30.2857
63500 9.80551 9.75753 10.6917 30.2547
63600 9.39229 10.1098 11.0359 30.538
63700 9.78675 10.0041 10.6478 30.4387
63800 9.679 10.0087 10.9379 30.6256
63900 10.0733 10.155 10.7764 31.0047
64000 10.0144 10.107 10.0591 30.1805
64100 10.107 9.92655 10.7386 30.7722
64200 10.4087 9.63673 10.6182 30.6637
64300 9.98281 10.094 10.3402 30.417
64400 10.1597 9.92404 10.3004 30.3842
64500 10.1369 10.0464 10.2111 30.3943
64600 10.0639 9.77842 10.797 30.6393
64700 10.4302 10.2459 10.8861 31.5622
64800 10.2331 10.1809 10.8905 31.3045
64900 10.1541 10.6357 10.9421 31.7318
65000 10.2403 10.7003 10.7309 31.6715
65100 10.2224 11.2038 10.9119 32.338
65200 10.6295 11.3558 10.7484 32.7338
65300 10.9251 11.709 10.5036 33.1377
65400 11.0564 10.7896 10.6675 32.5136
65500 10.8166 11.4344 10.8845 33.1355
65600 10.7277 11.4718 10.8983 33.0978
65700 10.8184 11.1366 10.8833 32.8383
65800 10.6001 11.9263 11.3063 33.8327
65900 11.0277 11.7204 11.2758 34.0239
66000 11.4066 11.8589 11.2701 34.5356
66100 11.2653 11.8827 11.2929 34.4408
66200 11.1842 11.483 11.244 33.9112
66300 11.384 11.746 11.0349 34.1649
66400 11.0169 12.4253 11.3464 34.7886
66500 11.1457 12.3311 11.0349 34.5117
66600 10.8604 12.4794 11.4304 34.7701
66700 10.861 12.2167 11.2638 34.3415
66800 11.0967 12.001 11.0055 34.1032
66900 11.3591 11.9867 11.4749 34.8207
67000 11.1295 11.6174 11.6487 34.3957
67100 10.5771 12.0218 11.4232 34.0221
67200 10.7381 11.6816 11.6105 34.0303
67300 10.7106 12.448 12.326 35.4846
67400 10.8589 12.493 12.0886 35.4405
67500 10.9038 12.4786 12.014 35.3964
67600 11.0336 11.9905 11.8458 34.8699
67700 11.1037 12.0866 11.8542 35.0444
67800 10.9042 11.8838 11.7854 34.5734
67900 10.8124 11.9676 11.5335 34.3135
68000 11.1991 12.2731 11.8096 35.2819
68100 11.0858 12.1591 11.4358 34.6807
68200 11.1399 12.2668 11.5312 34.9379
68300 11.3969 12.4212 11.5536 35.3716
68400 11.0262 12.2027 11.4851 34.714
68500 11.2744 12.7222 11.9141 35.9107
68600 11.329 12.9206 11.8581 36.1077
68700 11.3938 12.3118 11.7771 35.4827
68800 11.5206 12.432 11.4196 35.3722
68900 11.7555 12.7147 11.6178 36.088
69000 11.7626 12.2804 10.8985 34.9416
69100 11.7187 12.6442 11.1845 35.5474
69200 11.724 12.7816 10.9946 35.5002
69300 11.1602 12.4535 11.4319 35.0456
69400 11.0318 12.427 12.1766 35.6354
69500 11.3215 12.3258 11.3888 35.0361
69600 11.3371 13.0406 12.2679 36.6456
69700 10.8914 12.7311 11.6348 35.2573
69800 11.5777 13.0587 12.4342 37.0707
69900 12.1824 13.4327 12.0769 37.692
70000 11.4588 13.0172 11.9303 36.4064
70100 11.1283 13.4355 12.3511 36.9149
70200 11.3821 13.5742 12.3165 37.2728
70300 11.2163 13.5978 12.46 37.2741
70400 10.9415 13.3987 12.2405 36.5808
70500 10.5962 13.5301 12.4428 36.5691
70600 11.359 13.2245 12.3257 36.9093
70700 11.5526 13.903 11.9694 37.425
70800 11.3303 13.9533 12.1635 37.4471
70900 11.315 13.7781 12.4682 37.5613
71000 11.2239 13.8006 12.3357 37.3602
71100 11.7085 13.3031 12.2593 37.2708
71200 11.2303 13.3445 12.3317 36.9065
71300 10.9241 13.9163 12.6775 37.5179
71400 11.7302 13.9665 11.9196 37.6163
71500 11.7337 14.1395 12.346 38.2192
71600 11.7083 13.8264 11.8419 37.3767
71700 11.588 13.699 12.1696 37.4566
71800 11.8854 13.888 12.6322 38.4056
71900 11.584 13.7867 12.5738 37.9446
72000 11.4102 13.9616 12.3354 37.7072
72100 12.0323 13.8012 12.7198 38.5533
72200 11.8046 14.2675 12.52 38.5921
72300 12.092 14.7351 12.2048 39.0319
72400 11.9662 14.2072 11.9508 38.1243
72500 12.2581 14.287 12.7131 39.2583
72600 12.3906 13.9542 12.3246 38.6693
72700 12.8605 14.4432 12.807 40.1106
72800 12.5451 15.0338 12.9977 40.5766
72900 13.0448 14.8723 13.2935 41.2105
73000 12.3707 14.5706 13.2984 40.2397
73100 12.833 15.3391 13.8164 41.9886
73200 12.6645 14.6364 13.5062 40.807
73300 12.9496 15.9149 13.2519 42.1165
73400 12.7824 15.1749 13.6333 41.5906
73500 12.4356 15.1821 13.2573 40.875
73600 12.4289 15.1205 13.2211 40.7705
73700 12.814 14.9384 13.5697 41.3221
73800 12.9891 14.8189 13.5853 41.3932
73900 13.1098 14.7457 13.9743 41.8297
74000 12.5065 15.6703 13.3878 41.5646
74100 12.6304 15.5358 13.4922 41.6584
74200 12.4962 14.9519 13.4613 40.9094
74300 12.8393 15.5486 13.3819 41.7698
74400 12.2054 15.237 13.3741 40.8165
74500 12.8242 15.1918 13.7016 41.7176
74600 12.8657 15.2964 13.597 41.7592
74700 12.4621 15.5824 13.1782 41.2227
74800 12.8976 16.1292 13.4811 42.508
74900 12.9909 15.8074 13.9425 42.7408
75000 13.2091 15.8978 13.6934 42.8003
75100 12.4309 16.1727 13.8623 42.4659
75200 13.0355 15.3933 13.9482 42.377
75300 12.2447 15.4724 13.6078 41.3249
75400 12.3615 15.7082 13.7756 41.8454
75500 12.2474 15.7597 14.0676 42.0747
75600 12.6081 15.1492 14.1025 41.8598
75700 12.5572 16.1167 14.0001 42.6741
75800 12.8505 15.8727 14.4876 43.2107
75900 12.7346 16.0822 14.1456 42.9624
76000 13.4478 16.2808 13.3082 43.0368
76100 13.2809 16.2819 13.3118 42.8747
76200 13.3204 16.2446 14.0185 43.5835
76300 12.8068 16.2929 13.8759 42.9756
76400 12.0246 15.6816 13.8063 41.5125
76500 11.9721 15.6428 14.314 41.9289
76600 12.1017 15.5786 14.4378 42.1181
76700 12.0277 15.9929 14.5481 42.5686
76800 12.8338 16.0341 14.5288 43.3967
76900 12.8194 16.543 14.3035 43.6658
77000 12.9923 16.1327 15.1998 44.3248
77100 12.9989 16.1596 14.1791 43.3376
77200 13.1743 16.0556 14.4101 43.64
77300 13.191 15.9602 15.087 44.2383
77400 13.3899 15.6414 15.2698 44.3011
77500 13.4501 16.398 14.8546 44.7027
77600 13.5615 16.2182 14.3578 44.1375
77700 13.9363 16.2356 14.3405 44.5124
77800 13.5067 15.8256 14.6434 43.9757
77900 14.0459 15.6638 14.2879 43.9976
78000 13.8121 16.6238 14.7968 45.2327
78100 13.7922 16.6964 14.7028 45.1914
78200 13.6806 16.0546 14.8265 44.5617
78300 13.6703 16.1491 14.9058 44.7252
78400 13.7793 15.6273 15.2665 44.6731
78500 13.7339 15.234 15.1603 44.1283
78600 13.4423 15.1941 15.0006 43.637
78700 13.6124 16.4575 14.8236 44.8935
78800 13.1567 16.9409 14.8995 44.9971
78900 13.3011 16.2626 14.5286 44.0922
79000 13.3552 15.659 14.6476 43.6619
79100 13.0595 15.8624 14.8392 43.7612
79200 13.1726 15.8727 14.8863 43.9317
79300 13.2641 15.7369 14.838 43.839
79400 13.5253 15.7446 14.7838 44.0537
79500 13.0978 16.0257 14.4911 43.6147
79600 13.6069 16.4734 14.8317 44.912
79700 13.49 15.6565 15.2155 44.362
79800 13.4961 15.871 15.0089 44.376
79900 13.8583 16.1663 15.0385 45.063
80000 13.7822 16.4303 14.7611 44.9736
80100 13.7245 16.1178 14.8381 44.6804
80200 13.3573 15.5228 14.7237 43.6038
80300 13.6434 15.8675 14.2876 43.7985
80400 13.2276 15.5321 14.189 42.9487
80500 13.4946 15.911 14.7882 44.1939
80600 12.9395 16.2414 14.7599 43.9408
80700 13.6289 16.049 14.736 44.414
80800 13.6951 16.5361 14.6789 44.9101
80900 14.1072 16.187 14.4443 44.7385
81000 13.6704 16.2577 15.0345 44.9626
81100 14.114 15.624 14.7005 44.4385
81200 13.8465 16.2375 14.6245 44.7085
81300 13.7253 16.3326 14.7371 44.795
81400 13.7564 16.4021 14.9332 45.0918
81500 13.6836 16.1152 14.6762 44.475
81600 13.7926 16.735 14.4252 44.9529
81700 13.9839 16.5219 14.244 44.7499
81800 13.8553 15.8306 15.1467 44.8325
81900 13.8463 16.1006 14.8312 44.7781
82000 13.3397 16.4051 14.9812 44.726
82100 13.0434 15.6717 14.5586 43.2737
82200 13.6442 15.5961 14.6192 43.8594
82300 14.2643 15.9632 14.2882 44.5157
82400 13.5441 15.9624 14.6877 44.1942
82500 14.1294 16.0061 14.844 44.9795
82600 14.1981 15.8268 14.8479 44.8728
82700 13.3992 15.7701 14.676 43.8453
82800 13.1332 16.1349 15.3826 44.6507
82900 13.1381 16.1294 15.3257 44.5933
83000 13.6264 15.9914 15.0833 44.701
83100 12.9179 16.2646 14.9811 44.1635
83200 12.9529 15.7197 14.6762 43.3489
83300 12.7778 15.3236 15.1703 43.2718
83400 12.9028 16.2346 14.9053 44.0427
83500 13.1643 16.0931 14.7374 43.9948
83600 13.1904 16.0615 14.6024 43.8542
83700 12.8399 16.3695 14.2345 43.4439
83800 13.4089 15.9083 15.0876 44.4048
83900 13.1748 16.4649 14.8742 44.514
84000 13.5517 16.5181 14.6404 44.7103
84100 13.1558 16.1126 14.7858 44.0542
84200 13.602 16.8384 15.2903 45.7308
84300 13.4926 16.2384 15.0371 44.768
84400 13.2936 16.5199 15.1948 45.0084
84500 13.544 16.4 15.5235 45.4675
84600 14.1074 16.3232 15.1528 45.5833
84700 14.1403 16.2486 15.1411 45.53
84800 13.9209 16.0257 15.7724 45.719
84900 14.0188 15.9537 15.7245 45.697
85000 13.6489 15.9784 15.6757 45.3031
85100 13.3827 15.7236 15.6807 44.7871
85200 14.3796 15.7971 15.1262 45.3029
85300 14.3015 15.8596 16.0607 46.2217
85400 13.7652 16.3736 15.4257 45.5645
85500 13.6728 16.0988 15.4314 45.203
85600 13.8172 15.8345 15.8794 45.5312
85700 14.0139 15.5576 15.5155 45.087
85800 13.6311 15.744 15.816 45.1911
85900 13.8838 15.3618 15.7534 44.9989
86000 14.0002 15.5554 15.8037 45.3593
86100 13.4554 16.324 16.0077 45.7872
86200 13.0244 16.1231 15.8296 44.9771
86300 13.6297 15.9576 16.4147 46.002
86400 13.9852 16.5643 16.3356 46.8852
86500 13.7219 16.0101 16.6335 46.3655
86600 13.9841 16.2854 16.5604 46.8299
86700 13.8053 15.5239 15.9122 45.2414
86800 14.048 15.5072 15.6176 45.1728
86900 14.1766 15.6375 15.4957 45.3098
87000 14.2616 16.124 15.3856 45.7713
87100 14.0058 16.7211 15.8454 46.5724
87200 14.2571 16.3305 15.2421 45.8297
87300 13.9437 15.985 15.136 45.0646
87400 14.678 15.8817 14.6876 45.2473
87500 14.6221 15.9285 15.3795 45.93
87600 14.844 16.1406 15.7125 46.6971
87700 14.3777 15.6633 15.707 45.748
87800 14.1252 15.7343 16.0409 45.9005
87900 13.7508 15.6322 15.4263 44.8093
88000 14.3232 16.5866 15.7868 46.6966
88100 14.5679 16.3724 16.2914 47.2317
88200 14.3095 16.1371 15.5471 45.9937
88300 13.5915 16.5806 15.7915 45.9636
88400 13.6688 16.2141 15.1128 44.9957
88500 14.4952 16.8581 15.6188 46.972
88600 14.3677 16.0284 15.878 46.2741
88700 14.5314 16.2298 15.8221 46.5833
88800 13.9838 16.5243 15.9871 46.4952
88900 14.2574 16.5771 16.1241 46.9586
89000 14.0543 15.2323 16.1966 45.4831
89100 13.8653 16.0749 15.6779 45.6181
89200 13.8389 15.831 15.6851 45.355
89300 14.0094 15.6464 15.8845 45.5403
89400 14.2816 16.0096 15.5127 45.8039
89500 14.8546 17.0471 15.9548 47.8565
89600 14.3445 16.6579 15.7672 46.7696
89700 14.7503 16.5691 15.6304 46.9498
89800 14.5757 16.3367 16.4099 47.3223
89900 14.6163 16.0426 16.7512 47.4101
90000 14.9697 16.0884 16.1458 47.2038
90100 14.7419 16.0443 16.0818 46.868
90200 14.9601 15.7204 15.5525 46.233
90300 14.6591 16.2422 15.6264 46.5278
90400 15.1149 15.8966 15.1315 46.143
90500 14.8432 15.944 15.7397 46.5269
90600 15.4112 15.7986 15.4826 46.6923
90700 14.6061 15.6398 15.2086 45.4544
90800 14.2613 15.2124 15.8563 45.33
90900 14.3218 15.2477 16.5035 46.073
91000 14.716 15.7831 15.5647 46.0638
91100 14.5497 15.5575 15.7689 45.8761
91200 14.3692 15.695 16.2892 46.3533
91300 14.1078 15.9496 16.6793 46.7367
91400 14.1623 16.1668 17.235 47.564
91500 14.2066 15.966 17.081 47.2536
91600 14.8892 15.537 16.5461 46.9723
91700 14.7699 15.3078 16.6167 46.6944
91800 14.8006 15.425 16.9788 47.2044
91900 15.0614 15.0218 17.1717 47.2549
92000 15.7204 15.532 17.1534 48.4058
92100 15.8868 15.3352 16.9014 48.1234
92200 16.3722 15.2859 17.2799 48.9379
92300 15.8023 15.4566 16.6952 47.954
92400 16.4186 15.6703 16.7727 48.8617
92500 16.4711 15.3812 16.836 48.6883
92600 15.7821 15.0579 16.3921 47.2321
92700 16.3063 15.6691 15.9043 47.8797
92800 15.8971 14.8704 15.6081 46.3756
92900 16.0685 15.5025 16.5077 48.0787
93000 15.9025 15.5696 16.2249 47.6969
93100 15.858 15.5804 16.2069 47.6454
93200 15.7634 15.2913 16.5644 47.6191
93300 15.6943 15.6159 16.296 47.6062
93400 15.2877 16.0923 16.1172 47.4972
93500 15.3396 15.6005 17.2177 48.1578
93600 15.6187 16.0456 17.1762 48.8404
93700 15.9992 16.4957 17.1818 49.6767
93800 16.1018 16.4599 16.8514 49.4131
93900 15.7804 16.1648 16.3157 48.2609
94000 16.1567 16.1015 16.4757 48.7339
94100 15.4482 15.6911 16.5688 47.7082
94200 16.4491 16.1341 16.951 49.5343
94300 16.2238 15.1921 17.0373 48.4532
94400 15.9892 15.5104 17.2386 48.7382
94500 15.9413 15.3813 16.6847 48.0073
94600 16.3008 15.8925 16.4558 48.6492
94700 16.2529 15.0344 17.1666 48.4539
94800 16.519 15.7021 16.3079 48.529
94900 15.7154 16.0001 16.8477 48.5632
95000 15.1619 16.3809 17.1488 48.6916
95100 15.464 15.9459 17.3777 48.7876
95200 15.3407 15.8357 17.3793 48.5557
95300 15.4787 16.0279 17.8931 49.3998
95400 15.882 16.0841 18.4952 50.4612
95500 15.5748 15.8152 18.1102 49.5002
95600 15.7016 16.2789 18.1556 50.1361
95700 16.1421 15.9544 18.5678 50.6644
95800 15.8114 16.2599 18.4166 50.4879
95900 15.8463 16.4366 18.2908 50.5737
96000 15.3746 16.1769 18.3913 49.9427
96100 15.7247 17.1519 18.7444 51.621
96200 15.9967 16.6212 18.7814 51.3992
96300 15.9171 17.0802 18.6921 51.6894
96400 15.9745 17.3906 17.8502 51.2153
96500 16.2438 16.2352 18.1152 50.5942
96600 15.8716 15.9987 17.558 49.4283
96700 15.7005 16.2773 17.3724 49.3502
96800 16.1975 16.5878 18.0324 50.8176
96900 15.5205 17.061 17.9352 50.5167
97000 15.7064 16.6754 17.8013 50.1831
97100 15.6279 17.1417 17.8913 50.6609
97200 15.8008 16.5949 17.6543 50.05
97300 15.8669 16.8441 17.99 50.701
97400 16.1756 16.9554 18.0661 51.197
97500 15.9587 17.5806 17.7601 51.2994
97600 16.4026 17.4619 17.521 51.3855
97700 16.2553 17.5 17.4983 51.2536
97800 16.0403 16.8071 17.296 50.1435
97900 16.0791 16.1008 17.0377 49.2176
98000 16.8145 16.3213 16.9234 50.0592
98100 16.9116 16.7326 17.4811 51.1254
98200 16.6266 17.0372 17.7844 51.4482
98300 16.4549 16.4086 17.5196 50.3831
98400 16.3518 16.766 17.469 50.5869
98500 17.133 17.4101 17.5667 52.1098
98600 16.9695 17.2628 17.7964 52.0287
98700 17.257 17.4344 17.7402 52.4316
98800 17.0367 16.8813 17.5589 51.477
98900 17.7414 16.6286 18.1832 52.5532
99000 17.1393 16.7295 18.0283 51.8971
99100 17.2958 16.2984 17.6022 51.1964
99200 17.4962 16.7638 17.4471 51.7071
99300 17.0669 16.3941 17.3201 50.7811
99400 16.9315 16.7731 17.6621 51.3667
99500 16.8217 16.2357 17.7954 50.8527
99600 17.6132 17.0194 17.9621 52.5947
99700 17.269 17.3197 17.9286 52.5174
99800 17.6083 16.7373 17.3142 51.6598
99900 17.5159 17.4927 17.5025 52.5111
100000 17.544 17.0284 17.6275 52.1999
100100 17.4375 16.9314 17.7393 52.1082
100200 17.1569 16.869 17.7795 51.8054
100300 17.7398 16.422 16.8237 50.9855
100400 17.9832 16.4974 17.5731 52.0536
100500 17.4414 16.1505 17.3501 50.942
100600 18.1769 16.5576 17.3084 52.0429
100700 18.5629 17.1281 17.319 53.01
100800 18.548 17.2683 17.3862 53.2025
100900 19.329 16.4609 17.0658 52.8556
101000 19.1202 16.3788 16.6499 52.1489
101100 19.4682 16.4943 16.9936 52.9561
101200 19.5551 16.9814 17.2356 53.7721
101300 19.3516 17.0378 17.6034 53.9927
101400 19.5211 17.2404 17.1295 53.891
101500 19.4918 16.6921 17.343 53.5268
101600 18.7771 16.7228 16.8162 52.3161
101700 19.6258 16.7571 16.9164 53.2993
101800 19.6161 16.3391 17.0481 53.0033
101900 19.2187 16.9416 16.9814 53.1417
102000 19.195 16.5691 17.091 52.8551
102100 19.205 16.6551 17.922 53.7822
102200 19.3674 16.9343 17.264 53.5657
102300 19.1166 16.6449 17.084 52.8455
102400 19.2857 16.7246 17.037 53.0473
102500 19.8049 16.7522 17.0379 53.5949
102600 19.3192 16.6356 17.2979 53.2527
102700 20.1771 16.3456 17.2896 53.8124
102800 19.8562 16.6901 17.2794 53.8257
102900 19.6474 16.615 17.3029 53.5653
103000 19.0629 16.9067 17.7381 53.7077
103100 19.8882 16.4749 17.3255 53.6885
103200 19.6189 16.5666 17.1827 53.3682
103300 19.5981 17.0135 16.6019 53.2135
103400 19.3058 16.3417 17.2466 52.894
103500 19.761 16.3801 16.6938 52.8349
103600 19.9326 16.1696 16.6869 52.7891
103700 19.5803 16.4318 16.5988 52.6109
103800 19.3871 16.9228 16.4747 52.7846
103900 19.4126 16.6403 16.9697 53.0226
104000 19.4961 16.5323 16.9302 52.9587
104100 19.0992 16.7131 17.4137 53.226
104200 19.5676 16.9525 17.1196 53.6398
104300 19.5283 16.7231 17.0013 53.2527
104400 19.6167 16.0427 17.1814 52.8408
104500 19.3995 16.3611 17.5681 53.3287
104600 19.5838 16.6787 17.7154 53.9779
104700 19.7838 16.4646 17.5135 53.7619
104800 19.6694 16.2445 16.4426 52.3565
104900 19.795 16.2897 16.6811 52.7657
105000 18.8705 16.0693 16.7752 51.715
105100 19.3698 16.931 17.2132 53.5139
105200 18.9306 16.4045 17.019 52.354
105300 19.7342 16.4538 17.6431 53.831
105400 19.8209 16.4081 16.5425 52.7715
105500 20.148 16.4408 17.2321 53.8209
105600 19.5938 16.2612 17.5704 53.4254
105700 19.7913 16.355 17.0733 53.2197
105800 20.2314 16.1962 16.8305 53.2581
105900 19.4011 16.9003 17.3855 53.687
106000 19.0458 16.7934 17.6335 53.4727
106100 19.287 16.5471 17.0927 52.9268
106200 19.2122 16.9262 17.314 53.4524
106300 19.97 16.2697 17.1638 53.4036
106400 20.338 16.7966 16.9921 54.1267
106500 19.2758 16.3797 17.2071 52.8626
106600 19.8273 16.3836 16.7346 52.9454
106700 19.6831 16.2781 16.8228 52.784
106800 19.5287 16.633 16.8042 52.966
106900 19.9783 16.7919 16.6072 53.3775
107000 19.103 16.8198 17.3565 53.2793
107100 19.905 16.4333 17.2923 53.6307
107200 19.787 16.803 17.5064 54.0964
107300 19.6704 16.9314 17.5263 54.1281
107400 20.3531 16.8163 17.8053 54.9746
107500 19.7311 16.1078 17.9552 53.794
107600 19.6979 16.5677 17.0857 53.3513
107700 19.8544 16.8772 17.6026 54.3342
107800 19.8822 17.2765 17.1691 54.3278
107900 20.1356 17.6606 17.2877 55.0839
108000 19.9285 17.0314 18.1018 55.0617
108100 19.719 16.6027 17.1522 53.4739
108200 20.0568 16.6368 17.4216 54.1152
108300 19.7794 16.728 17.2998 53.8072
108400 20.1193 16.8979 17.6398 54.657
108500 19.872 16.8372 17.1583 53.8675
108600 20.3034 16.3946 17.2207 53.9188
108700 19.2194 16.4178 17.8977 53.5349
108800 19.1877 16.5723 18.079 53.839
108900 19.5742 16.9946 17.9128 54.4816
109000 19.5638 16.8977 17.4038 53.8653
109100 19.7215 16.4095 17.5345 53.6654
109200 20.0509 16.4863 17.1254 53.6626
109300 19.776 15.8436 17.2712 52.8908
109400 19.6841 16.5194 17.33 53.5335
109500 19.5869 16.5668 17.604 53.7577
109600 20.3528 16.6246 17.6564 54.6338
109700 20.3029 16.3102 17.1671 53.7802
109800 20.4428 17.0183 17.6754 55.1364
109900 20.4721 16.6488 18.0785 55.1994
110000 20.6415 17.1199 17.7538 55.5152
110100 20.3263 16.7045 17.4308 54.4617
110200 20.2822 15.994 17.7948 54.071
110300 20.7358 16.7346 18.0856 55.556
110400 20.5009 16.4239 17.9238 54.8486
110500 21.2725 16.3289 17.1613 54.7627
110600 21.192 17.6246 17.1745 55.9911
110700 21.0477 17.3337 17.0239 55.4053
110800 20.5623 17.5684 16.9277 55.0584
110900 20.6813 16.8873 17.5796 55.1482
111000 20.2798 16.7882 17.6157 54.6838
111100 20.6693 16.6312 16.898 54.1985
111200 20.7435 16.1618 17.5825 54.4879
111300 20.6087 16.6088 16.8535 54.071
111400 20.7134 16.8457 16.9361 54.4951
111500 21.157 16.8109 17.3553 55.3231
111600 19.9787 16.9186 17.3061 54.2034
111700 20.5877 16.3671 17.4231 54.3779
111800 21.0537 16.1833 17.0861 54.3231
111900 20.0365 16.5373 18.072 54.6458
112000 20.5569 16.6496 17.3382 54.5447
112100 20.4101 16.66 17.7999 54.8701
112200 19.6875 16.3601 18.2055 54.2532
112300 19.8882 16.7726 17.9227 54.5835
112400 20.2054 17.0277 18.1521 55.3851
112500 20.5035 16.7005 18.4622 55.6662
112600 19.3638 16.837 17.96 54.1607
112700 20.2622 16.231 17.7762 54.2694
112800 20.5278 16.9277 18.1368 55.5923
112900 20.4412 16.6566 17.9556 55.0534
113000 20.2225 16.9313 17.7008 54.8546
113100 20.211 17.1614 18.0642 55.4366
113200 20.7857 16.5945 17.1924 54.5726
113300 20.8228 16.7408 16.7189 54.2825
113400 20.5274 16.3745 17.2993 54.2012
113500 19.982 16.4043 17.5251 53.9114
113600 20.431 16.2711 17.9962 54.6983
113700 20.4399 16.7175 17.5731 54.7305
113800 20.8445 16.1843 17.52 54.5488
113900 21.1602 16.4014 18.0429 55.6045
114000 20.812 16.0469 17.6446 54.5035
114100 20.6109 16.6659 17.4606 54.7374
114200 20.3842 16.5598 17.4555 54.3994
114300 20.5701 16.5747 17.9978 55.1427
114400 20.4638 16.9625 17.8981 55.3243
114500 20.811 16.78 17.2285 54.8195
114600 20.5343 16.5047 17.723 54.7619
114700 21.1357 16.7859 17.3358 55.2574
114800 20.3774 17.3276 17.3819 55.087
114900 20.7125 16.5158 17.5 54.7283
115000 20.9818 16.3875 17.9993 55.3686
115100 20.3927 17.0366 18.215 55.6443
115200 20.986 16.6996 17.6776 55.3632
115300 21.0869 16.6625 17.2331 54.9825
115400 20.417 17.0845 17.5778 55.0793
115500 21.0254 16.5876 17.2265 54.8395
115600 21.1117 16.8231 17.0753 55.0101
115700 20.0981 16.3553 17.5561 54.0094
115800 20.1827 16.5382 17.3585 54.0794
115900 20.7654 16.3408 18.111 55.2173
116000 21.4541 16.6458 17.8791 55.9791
116100 20.436 16.3578 17.9625 54.7563
116200 21.2039 17.424 18.2408 56.8687
116300 21.2891 17.7518 18.179 57.2199
116400 21.3627 17.2286 18.5516 57.1428
116500 21.4387 17.7944 18.6961 57.9292
116600 21.3079 17.7212 18.4983 57.5274
116700 21.7989 18.1285 19.282 59.2094
116800 22.6964 18.6188 18.5483 59.8635
116900 21.9245 18.2238 18.9411 59.0894
117000 22.0636 18.1577 18.4711 58.6923
117100 22.0369 18.1099 18.6205 58.7673
117200 21.3672 18.3708 18.7738 58.5118
117300 21.8536 17.9186 18.563 58.3352
117400 21.4838 17.4402 18.3286 57.2526
117500 22.2228 17.8334 18.1864 58.2426
117600 21.8692 17.8936 19.0281 58.7909
117700 22.0499 17.8986 18.4036 58.3521
117800 21.2585 18.2842 18.6368 58.1794
117900 21.5597 18.4254 18.8934 58.8785
118000 21.2563 18.272 19.0274 58.5557
118100 22.0024 18.6824 19.3051 59.9899
118200 21.5163 18.9818 18.9893 59.4875
118300 20.8093 18.8213 19.4642 59.0948
118400 20.6458 18.959 18.9963 58.6011
118500 21.1235 18.8445 19.6952 59.6632
118600 21.2913 18.677 19.2994 59.2677
118700 21.2804 19.177 19.2199 59.6773
118800 21.2227 18.7901 19.235 59.2479
118900 21.3311 19.0726 19.4221 59.8257
119000 20.7742 18.9221 19.1164 58.8127
119100 21.3478 19.031 18.8863 59.2651
119200 21.4848 18.1438 19.3052 58.9338
119300 21.8898 18.3089 19.052 59.2506
119400 21.6894 18.2864 18.6475 58.6233
119500 21.7955 18.4556 19.2634 59.5146
119600 21.7109 18.4359 18.729 58.8759
119700 21.6788 18.7142 18.561 58.954
119800 21.1564 18.8617 19.4184 59.4365
119900 21.3084 19.1499 18.7154 59.1738
120000 21.0539 18.7262 19.0348 58.8149
120100 21.6951 19.0642 18.7763 59.5356
120200 21.54 19.1611 19.9997 60.7009
120300 22.2214 19.0033 19.3465 60.5712
120400 22.2223 18.7913 19.6329 60.6465
120500 22.0618 18.8201 19.1501 60.032
120600 21.7597 19.4185 19.5709 60.7492
120700 22.2652 18.4469 19.8891 60.6012
120800 21.5459 19.3898 20.045 60.9807
120900 21.0492 18.6409 19.262 58.9521
121000 20.3359 19.328 19.3591 59.023
121100 21.0494 19.802 19.7834 60.6348
121200 21.5408 20.8817 19.2515 61.6739
121300 21.8217 20.7693 19.5795 62.1705
121400 21.2326 20.3198 19.5027 61.0551
121500 21.1348 20.5128 19.1931 60.8408
121600 21.7876 19.9609 18.769 60.5175
121700 22.4577 20.4415 18.684 61.5833
121800 21.2102 19.8013 18.7934 59.805
121900 21.3694 19.5076 18.6459 59.5229
122000 21.0525 20.2289 18.8599 60.1413
122100 21.3361 20.0918 18.7574 60.1853
122200 21.9542 20.6818 18.4397 61.0757
122300 21.7472 20.0908 18.6302 60.4681
122400 21.9315 19.7536 18.4526 60.1377
122500 22.3816 19.249 18.1071 59.7377
122600 21.898 20.1517 18.4154 60.4651
122700 23.3412 20.2191 18.0166 61.5769
122800 23.6882 20.5689 18.7919 63.049
122900 24.1664 20.4696 17.8964 62.5324
123000 24.0362 20.6429 18.1632 62.8423
123100 23.837 20.6422 18.1192 62.5984
123200 22.8848 20.4918 17.998 61.3746
123300 22.4226 20.3551 17.8672 60.6449
123400 22.8704 20.8275 18.4262 62.1241
123500 22.7018 21.0833 18.1515 61.9366
123600 22.7146 20.9949 18.1184 61.8278
123700 22.7953 20.9338 18.4252 62.1542
123800 22.6716 20.921 18.4479 62.0406
123900 22.6005 21.3367 18.7128 62.65
124000 23.0082 20.9819 18.8226 62.8127
124100 22.9721 21.002 18.6709 62.645
124200 23.2715 21.1711 19.0234 63.466
124300 23.4594 20.8792 19.2409 63.5795
124400 23.9665 20.6792 19.5347 64.1804
124500 23.3954 20.6661 18.8174 62.879
124600 23.5622 20.5648 19.422 63.5491
124700 23.8246 21.088 19.1041 64.0166
124800 23.4541 21.2443 19.569 64.2673
124900 23.893 20.4485 19.4211 63.7627
125000 23.3369 20.5608 19.3697 63.2675
125100 23.6034 21.1738 19.6057 64.3829
125200 23.6403 21.763 19.4785 64.8817
125300 23.1274 22.1828 20.0376 65.3478
125400 23.5206 22.336 20.2029 66.0595
125500 23.904 21.5975 19.5824 65.0839
125600 23.4587 22.1 19.7865 65.3452
125700 23.7966 21.3022 20.0348 65.1336
125800 24.0191 21.7464 19.9634 65.7289
125900 23.5685 21.6096 20.1164 65.2945
126000 24.1851 21.4947 19.5577 65.2375
126100 24.745 21.2762 20.5593 66.5805
126200 24.1311 22.0033 20.3365 66.4709
126300 25.1047 22.2347 20.1855 67.5248
126400 24.649 21.5257 20.0541 66.2288
126500 25.2265 21.652 19.8642 66.7427
126600 25.7923 21.6482 19.9941 67.4346
126700 25.036 21.6523 20.066 66.7544
126800 24.7426 21.2325 19.9501 65.9253
126900 24.4786 21.5457 20.2345 66.2588
127000 25.0119 21.6357 20.0494 66.697
127100 24.8217 21.8521 20.6592 67.3331
127200 24.5189 21.7086 19.8441 66.0716
127300 24.0104 21.4315 19.994 65.4359
127400 25.4455 22.4892 20.0358 67.9705
127500 25.6253 22.1885 20.2716 68.0854
127600 24.5421 22.0797 19.9867 66.6085
127700 24.1095 22.3069 19.952 66.3684
127800 24.4109 21.8717 20.5498 66.8324
127900 24.4141 22.0438 20.233 66.6909
128000 23.8007 22.2097 20.0618 66.0723
128100 24.4286 22.2396 19.867 66.5351
128200 24.0539 22.2022 19.9633 66.2194
128300 24.1132 22.2467 20.3088 66.6688
128400 23.7803 22.1988 20.4314 66.4104
128500 25.0007 22.1721 19.9489 67.1216
128600 24.989 21.8175 20.0054 66.8119
128700 24.9845 22.095 20.2488 67.3282
128800 24.7397 22.1903 19.9775 66.9076
128900 24.5569 22.6002 20.1676 67.3247
129000 24.3912 22.5233 20.5641 67.4787
129100 25.3324 22.8655 20.8943 69.0922
129200 23.9571 22.6918 20.3103 66.9591
129300 24.9878 22.7744 20.8037 68.5659
129400 24.1518 22.3615 20.5637 67.077
129500 24.7221 23.348 20.7641 68.8342
129600 24.8648 22.3513 20.6165 67.8326
129700 24.8986 21.8996 21.0464 67.8446
129800 24.6567 22.5245 20.8769 68.0581
129900 24.0639 22.1301 20.2197 66.4136
130000 25.3163 22.6865 20.5464 68.5493
130100 24.6835 22.7185 20.6825 68.0845
130200 24.5807 22.3983 20.6214 67.6003
130300 24.7032 22.1787 20.8308 67.7127
130400 24.7457 22.3212 19.6644 66.7313
130500 25.2165 22.9287 20.3339 68.4791
130600 25.6325 22.5806 20.232 68.4451
130700 25.3516 22.6898 20.2553 68.2967
130800 25.7763 22.8318 21.0628 69.671
130900 25.5317 22.2028 20.5043 68.2388
131000 25.315 22.7381 20.67 68.723
131100 25.7084 22.5213 20.0766 68.3063
131200 25.2397 22.8947 20.5081 68.6425
131300 26.24 22.978 20.74 69.958
131400 26.0013 22.5699 20.7933 69.3644
131500 25.0904 22.3828 20.3729 67.846
131600 25.6348 22.7524 20.4664 68.8536
131700 24.9948 22.5124 21.4326 68.9398
131800 24.5593 22.1188 20.5883 67.2665
131900 24.6588 22.364 20.5718 67.5945
132000 25.6714 22.8204 20.0562 68.548
132100 25.6893 22.6996 21.2353 69.6242
132200 25.6473 22.4114 21.0835 69.1423
132300 25.833 22.5779 21.163 69.5739
132400 25.1041 22.79 21.5319 69.426
132500 25.049 22.6718 20.9663 68.6871
132600 26.0396 22.3678 20.9239 69.3314
132700 26.2044 22.7615 20.5946 69.5605
132800 26.1089 22.4855 20.3772 68.9716
132900 26.0416 22.4708 21.4358 69.9483
133000 26.4655 22.4498 21.0251 69.9404
133100 26.7078 21.9444 21.1104 69.7625
133200 26.8327 22.1423 20.9093 69.8843
133300 26.7176 22.4497 20.6228 69.7902
133400 25.9704 22.154 20.8131 68.9375
133500 26.105 22.1723 21.2636 69.5408
133600 25.6886 22.4907 20.8624 69.0417
133700 26.3472 22.857 20.9148 70.119
133800 26.4108 21.9124 21.2222 69.5454
133900 26.3714 22.3806 20.8005 69.5525
134000 26.2177 22.5835 21.1211 69.9223
134100 26.1611 22.8061 21.2136 70.1809
134200 26.0161 22.7907 20.5222 69.3289
134300 25.6666 22.1293 21.1965 68.9924
134400 25.7361 22.8228 20.5065 69.0654
134500 25.9438 22.8723 19.9234 68.7395
134600 26.566 21.9637 20.1433 68.673
134700 26.5096 22.9435 20.8925 70.3456
134800 26.274 22.7299 20.7603 69.7642
134900 25.8582 22.609 21.3777 69.8449
135000 25.2884 22.5545 21.4258 69.2688
135100 25.9692 22.0543 21.9008 69.9243
135200 25.9893 22.4103 21.6078 70.0074
135300 25.7508 22.3114 21.7715 69.8338
135400 25.6114 22.7161 21.6905 70.018
135500 25.4637 22.1878 22.13 69.7815
135600 25.5461 21.4045 21.6955 68.6462
135700 26.9191 21.4187 21.5822 69.92
135800 25.8332 21.6397 22.0808 69.5538
135900 26.0337 21.1872 21.4101 68.6311
136000 26.3106 20.5571 21.6324 68.5001
136100 25.4559 21.1413 21.4578 68.055
136200 25.7354 21.2741 21.8 68.8096
136300 26.6241 21.3149 21.7534 69.6924
136400 26.438 21.4948 21.6333 69.5661
136500 26.0976 20.914 21.5225 68.5341
136600 26.4228 21.2154 21.2971 68.9353
136700 26.2598 22.4965 20.7391 69.4955
136800 26.3632 21.978 21.5599 69.901
136900 26.0837 22.2664 21.7577 70.1078
137000 25.8071 22.2262 21.9088 69.9421
137100 26.788 21.9257 21.7437 70.4574
137200 26.7058 21.9434 21.3094 69.9586
137300 26.7278 21.8307 20.7057 69.2642
137400 26.2661 21.8843 21.4815 69.6319
137500 26.8345 21.8149 20.6851 69.3345
137600 26.2765 22.0229 20.2969 68.5963
137700 27.0691 22.4244 20.8076 70.3011
137800 27.1966 21.5994 21.3657 70.1616
137900 26.989 22.0166 20.5205 69.5262
138000 26.8223 21.5561 20.9805 69.3589
138100 26.053 21.3995 20.2824 67.7349
138200 26.7808 21.9036 20.9189 69.6033
138300 27.079 21.834 20.5594 69.4724
138400 25.9327 21.4431 21.0891 68.4649
138500 25.6677 21.7404 21.0818 68.4899
138600 26.2997 21.782 21.1036 69.1852
138700 26.3492 22.3146 21.4193 70.083
138800 26.4146 21.5566 21.4096 69.3808
138900 26.4914 21.2389 21.3395 69.0698
139000 26.3574 21.6606 21.4198 69.4378
139100 26.3212 21.8916 21.9406 70.1534
139200 26.6209 21.7333 21.5787 69.9329
139300 27.0897 21.8185 20.7498 69.6581
139400 26.4873 21.7782 20.8709 69.1364
139500 26.7367 21.8644 21.2953 69.8964
139600 25.9445 21.9019 20.7732 68.6196
139700 26.9818 21.6478 21.2144 69.844
139800 26.6996 21.7585 20.6347 69.0927
139900 27.1776 21.3162 21.6314 70.1252
140000 27.0526 21.4969 21.2878 69.8373
140100 26.8551 22.1603 20.9142 69.9296
140200 26.6669 20.9303 21.5334 69.1306
140300 26.9159 22.2431 21.0569 70.2159
140400 26.6952 22.0502 21.8139 70.5593
140500 26.9033 21.711 21.8325 70.4469
140600 27.1661 21.6757 21.3696 70.2114
140700 26.3196 21.4668 21.3348 69.1212
140800 26.9189 21.9703 20.5631 69.4523
140900 26.34 22.1183 20.6297 69.088
141000 26.8363 21.6224 20.8916 69.3503
141100 27.0072 21.3397 21.6156 69.9626
141200 27.0709 21.1835 22.2466 70.501
141300 27.6001 20.8918 22.5642 71.0562
141400 26.9916 20.5216 22.0471 69.5603
141500 27.0824 20.4127 22.2623 69.7575
141600 27.5798 20.6883 21.9804 70.2484
141700 26.0013 21.1368 22.2557 69.3939
141800 26.121 20.7065 21.5921 68.4196
141900 26.1871 20.9472 22.0143 69.1485
142000 27.0967 20.8054 22.1815 70.0836
142100 26.9027 21.864 21.3197 70.0864
142200 27.3671 21.3086 21.3501 70.0257
142300 27.1788 20.9845 21.8201 69.9834
142400 26.8084 21.5748 21.6898 70.0729
142500 27.4079 21.5935 21.8759 70.8773
142600 27.4379 21.0613 21.7663 70.2655
142700 27.1459 21.1684 21.1941 69.5085
142800 27.4866 21.903 22.1903 71.5799
142900 27.4276 21.1615 21.7428 70.3319
143000 26.9984 21.0236 21.4724 69.4944
143100 27.3878 21.2082 22.6172 71.2132
143200 27.716 21.0546 22.598 71.3685
143300 28.0398 21.2013 22.1493 71.3904
143400 27.5647 20.9072 22.612 71.0838
143500 27.3459 21.0614 21.6233 70.0305
143600 27.4617 21.0484 21.7501 70.2602
143700 27.8836 21.275 22.3827 71.5414
143800 27.8523 21.6429 22.7727 72.2678
143900 27.412 20.8433 22.3854 70.6408
144000 26.9726 21.2391 21.9737 70.1854
144100 27.7399 20.8889 22.8328 71.4616
144200 27.5248 21.014 22.351 70.8898
144300 27.5301 20.5136 22.4227 70.4664
144400 27.9649 20.7021 22.0394 70.7064
144500 27.437 21.0357 22.1649 70.6376
144600 27.2064 21.4584 22.3268 70.9917
144700 27.5428 21.3176 22.1414 71.0018
144800 27.4492 20.7026 22.3376 70.4894
144900 27.2948 21.317 22.679 71.2908
145000 28.0899 20.9151 23.1056 72.1107
145100 27.2539 21.2241 22.51 70.9881
145200 26.7364 20.9516 22.6833 70.3713
145300 27.5715 20.5564 22.69 70.8179
145400 28.4002 20.4874 23.0313 71.919
145500 28.158 21.3699 22.474 72.0019
145600 27.9515 21.7888 23.0964 72.8366
145700 26.8452 21.2277 23.0364 71.1093
145800 26.385 20.8663 22.1737 69.425
145900 26.959 20.9713 22.282 70.2123
146000 27.3715 20.5716 22.2831 70.2262
146100 27.484 20.6916 22.6268 70.8025
146200 27.3958 21.096 22.8289 71.3207
146300 26.9795 20.7761 22.6853 70.4409
146400 27.0137 20.6989 22.7889 70.5015
146500 27.9385 20.8801 22.475 71.2936
146600 27.5757 20.7963 22.6328 71.0048
146700 27.8452 21.191 22.3529 71.3891
146800 26.9323 20.647 22.2321 69.8114
146900 27.445 20.9359 21.8483 70.2292
147000 27.4714 20.9225 22.5975 70.9914
147100 27.0593 20.2876 22.2484 69.5953
147200 27.4437 20.6711 22.3594 70.4742
147300 27.5105 20.9739 22.4401 70.9245
147400 26.9855 20.7236 21.1875 68.8966
147500 27.769 21.0367 22.4199 71.2256
147600 27.1842 20.8152 22.2145 70.214
147700 26.9512 21.3622 21.9798 70.2932
147800 26.596 21.2819 21.8985 69.7764
147900 26.9204 21.0618 21.3855 69.3676
148000 26.8109 20.8254 22.1486 69.7849
148100 26.9508 20.8709 21.983 69.8048
148200 27.6102 20.7858 21.9447 70.3407
148300 27.564 21.3072 22.2736 71.1448
148400 27.7874 21.2591 22.2976 71.3441
148500 27.1476 22.0095 21.6828 70.84
148600 27.5422 21.2183 22.0172 70.7777
148700 27.2377 20.8203 21.997 70.0549
148800 27.1794 21.2061 22.7782 71.1637
148900 26.763 21.0515 21.5575 69.3721
149000 26.9907 20.9359 21.7662 69.6928
149100 27.1353 20.7639 21.8538 69.753
149200 26.7243 21.2926 22.8595 70.8764
149300 27.9524 21.6756 22.3305 71.9584
149400 27.6506 21.6919 22.3913 71.7338
149500 28.1094 21.5309 22.8373 72.4776
149600 27.7058 21.3136 22.967 71.9865
149700 27.8908 21.0161 22.9484 71.8553
149800 27.2232 21.3017 22.9218 71.4467
149900 27.6017 21.1086 22.7974 71.5077
150000 27.3694 21.801 22.4917 71.6621
150100 28.1151 21.7112 21.7914 71.6177
150200 27.1315 21.6681 22.979 71.7786
150300 26.1435 21.0026 22.548 69.6941
150400 26.3307 21.5979 22.1313 70.0599
150500 27.2178 22.9072 23.6695 73.7945
150600 26.8563 22.4842 22.8899 72.2304
150700 27.1603 22.2666 22.8362 72.263
150800 26.8374 22.6135 22.8676 72.3185
150900 26.9747 22.7502 22.8573 72.5821
151000 27.262 22.804 22.6466 72.7127
151100 27.6809 22.4613 22.836 72.9782
151200 27.8635 22.8272 23.3532 74.0439
151300 27.4277 22.5212 22.5274 72.4764
151400 27.2287 22.2662 22.7745 72.2694
151500 26.3518 22.9515 22.678 71.9814
151600 27.2867 22.6397 22.2166 72.1429
151700 26.641 22.5965 22.5602 71.7978
151800 26.4677 22.3796 22.8433 71.6906
151900 26.9009 22.3438 22.7127 71.9574
152000 27.1567 21.6943 22.5957 71.4466
152100 27.4492 21.8564 22.7957 72.1013
152200 26.6626 22.2101 23.0136 71.8863
152300 27.1953 21.4796 23.3345 72.0093
152400 26.5747 21.9381 23.3114 71.8242
152500 26.7679 22.1309 23.1389 72.0378
152600 27.2171 21.5135 22.6764 71.4071
152700 26.669 21.8007 23.1004 71.5701
152800 26.8262 21.3368 23.8184 71.9813
152900 27.1909 21.4502 23.3772 72.0183
153000 27.0695 21.9824 23.0033 72.0552
153100 26.7591 21.8829 22.4878 71.1297
153200 25.8778 22.5747 23.0261 71.4786
153300 26.3125 22.2621 23.2281 71.8028
153400 26.7179 23.0047 22.6031 72.3256
153500 26.1775 22.3263 22.2654 70.7692
153600 26.427 21.8836 22.7888 71.0993
153700 26.8413 23.2472 23.0104 73.0988
153800 26.5488 22.2398 22.7772 71.5657
153900 26.6767 22.116 22.1839 70.9767
154000 26.8489 22.8957 23.0933 72.8379
154100 27.1232 22.5289 22.5224 72.1745
154200 26.2941 22.8201 22.5854 71.6995
154300 26.4108 22.8663 22.3955 71.6726
154400 26.516 22.9122 23.1719 72.6001
154500 26.8515 22.2308 23.7878 72.8701
154600 27.0305 22.8943 23.2148 73.1397
154700 26.5484 23.3763 23.2345 73.1592
154800 26.3004 22.9497 23.5256 72.7757
154900 26.1766 22.638 23.1466 71.9611
155000 25.5956 23.4005 23.1397 72.1358
155100 25.6112 22.9085 22.8585 71.3781
155200 26.6708 22.9017 23.6688 73.2414
155300 26.8524 23.1637 23.4803 73.4963
155400 26.5764 22.5421 23.091 72.2096
155500 27.4267 23.4084 23.6571 74.4922
155600 26.6309 23.2663 23.2492 73.1463
155700 27.0041 22.579 23.6647 73.2478
155800 26.6415 23.0046 22.7356 72.3817
155900 26.199 22.4143 22.4484 71.0618
156000 26.2278 23.0916 22.4116 71.731
156100 27.164 22.2987 23.7207 73.1834
156200 27.0222 22.4801 23.1481 72.6504
156300 26.7115 23.074 22.4488 72.2343
156400 27.571 23.0879 23.2029 73.8618
156500 26.3207 23.3063 22.2881 71.9151
156600 26.5896 23.3288 23.8121 73.7305
156700 26.9301 23.4726 24.2336 74.6364
156800 28.0564 23.5131 23.5332 75.1027
156900 27.1421 23.2322 24.116 74.4903
157000 27.6738 24.1353 23.5196 75.3287
157100 27.6628 23.8922 23.5807 75.1358
157200 27.5396 23.4088 23.6315 74.5799
157300 27.5277 24.1789 23.7999 75.5065
157400 28.5311 23.7012 23.0998 75.3321
157500 27.5988 23.7085 23.6188 74.926
157600 27.5367 23.7029 23.5458 74.7853
157700 26.8135 24.157 23.1316 74.1022
157800 27.245 24.0241 22.4103 73.6794
157900 29.1283 23.8205 22.4523 75.4012
158000 27.944 24.1544 22.8482 74.9466
158100 27.0225 24.3608 23.1021 74.4854
158200 26.9031 24.1089 22.6747 73.6867
158300 27.8584 24.51 22.0316 74.4
158400 28.4354 24.3505 22.9439 75.7298
158500 28.2358 24.4289 22.3272 74.9919
158600 28.3835 24.4725 23.0596 75.9156
158700 27.768 24.2646 24.0167 76.0493
158800 28.4987 24.0321 24.2251 76.7559
158900 28.1853 24.3255 23.8381 76.3489
159000 28.8796 23.8894 24.0265 76.7955
159100 28.5197 23.9487 24.1727 76.6411
159200 28.5921 24.5236 24.5004 77.6161
159300 27.9534 24.6261 24.4637 77.0433
159400 27.6628 24.3113 24.3215 76.2956
159500 27.2823 23.9998 24.2294 75.5115
159600 27.6201 23.7891 23.5903 74.9995
159700 27.7719 24.0193 23.3293 75.1205
159800 27.5952 24.5166 23.7004 75.8122
159900 26.6381 24.7353 23.4179 74.7913
160000 26.7518 24.3807 23.8705 75.0029
160100 27.3207 24.8408 23.5322 75.6937
160200 28.2487 24.38 24.2297 76.8584
160300 28.1485 24.2509 23.1713 75.5707
160400 28.8311 24.3885 23.4884 76.708
160500 27.8941 24.4919 23.5523 75.9383
160600 28.8118 24.4585 24.1235 77.3938
160700 28.5076 23.5649 23.6353 75.7078
160800 28.1778 24.1865 23.0747 75.4391
160900 29.5249 24.3009 23.8933 77.7191
161000 28.2543 24.0406 23.0103 75.3052
161100 28.2831 23.8859 22.3841 74.5531
161200 27.9807 23.8195 22.6975 74.4978
161300 28.0262 23.6482 22.5885 74.2628
161400 27.2872 22.9582 22.5566 72.802
161500 27.2222 23.4582 22.7305 73.4109
161600 26.5403 23.0469 23.2938 72.881
161700 27.4973 22.8491 23.2614 73.6077
161800 27.7588 23.0265 23.206 73.9913
161900 27.1449 22.8633 23.4835 73.4918
162000 27.6952 23.0478 23.3867 74.1298
162100 27.9994 23.1266 23.0784 74.2044
162200 27.2034 22.7228 23.8621 73.7883
162300 27.9933 23.7554 23.0876 74.8362
162400 28.121 24.082 22.8387 75.0417
162500 27.0517 23.554 23.7392 74.3449
162600 27.7794 23.7567 23.4737 75.0099
162700 26.6284 23.3831 23.2861 73.2976
162800 26.5834 23.8088 23.7231 74.1153
162900 27.1372 23.8589 23.6413 74.6375
163000 27.1206 23.5632 23.2233 73.9071
163100 27.0112 23.7222 23.0508 73.7842
163200 28.0566 22.9902 22.3852 73.432
163300 27.9078 23.0895 23.1963 74.1936
163400 28.4107 23.3283 23.6573 75.3962
163500 28.7173 23.0572 23.8084 75.5829
163600 27.3317 23.3713 24.1817 74.8847
163700 27.1695 23.5532 24.4052 75.1278
163800 28.0431 24.2693 24.9429 77.2553
163900 27.8918 24.0749 24.2032 76.1698
164000 27.2524 24.359 24.3699 75.9813
164100 27.6 24.2112 24.4472 76.2584
164200 27.8974 23.8505 24.6856 76.4335
164300 28.3203 23.8775 24.3092 76.507
164400 28.259 23.3055 24.1721 75.7366
164500 28.6113 23.7667 24.9541 77.3322
164600 27.7039 23.9647 24.3897 76.0583
164700 28.364 23.4496 24.1547 75.9683
164800 27.4817 23.6702 24.8437 75.9957
164900 28.1216 23.9261 24.4777 76.5255
165000 28.9569 23.9079 24.6565 77.5214
165100 27.5288 23.3158 24.8111 75.6557
165200 29.6407 23.3073 24.6742 77.6222
165300 28.5189 23.3011 25.7706 77.5906
165400 28.8019 22.7558 26.0304 77.5882
165500 29.0079 22.5943 25.6676 77.2698
165600 29.0315 23.8218 25.7834 78.6367
165700 28.5801 23.4703 25.7271 77.7775
165800 29.2102 23.796 26.3116 79.3178
165900 29.0587 24.2977 26.3791 79.7355
166000 28.1703 24.001 24.9885 77.1598
166100 28.3125 23.8782 25.8258 78.0166
166200 29.2352 25.193 25.8285 80.2568
166300 28.7262 24.0747 26.1308 78.9317
166400 28.2595 25.3237 26.0008 79.5841
166500 28.2168 24.6691 25.6274 78.5133
166600 29.2612 24.5776 25.7843 79.623
166700 29.2569 24.2267 25.2552 78.7387
166800 29.0543 24.6634 25.7788 79.4965
166900 27.9612 24.2758 26.2377 78.4746
167000 28.2735 24.2352 25.3836 77.8923
167100 28.685 23.6292 26.4698 78.7841
167200 28.7294 23.6102 26.5036 78.8431
167300 28.0288 23.8241 26.7781 78.631
167400 28.6298 24.0095 26.22 78.8592
167500 28.0202 24.2648 27.0005 79.2855
167600 28.7987 23.9167 27.0429 79.7583
167700 29.1853 24.237 27.0999 80.5223
167800 28.1132 24.552 27.2106 79.8758
167900 28.9182 23.5861 27.5913 80.0956
168000 29.3344 23.8328 27.4364 80.6035
168100 29.2531 23.7971 26.9813 80.0315
168200 28.1751 23.7588 26.5014 78.4353
168300 28.6945 24.1221 26.8339 79.6505
168400 28.7278 23.538 26.3107 78.5765
168500 28.7625 23.5058 26.0573 78.3256
168600 28.6835 23.8129 26.0952 78.5916
168700 28.3542 24.9016 25.6395 78.8954
168800 28.6774 24.1746 25.8782 78.7302
168900 27.994 23.7282 25.758 77.4802
169000 28.3197 24.28 25.8716 78.4713
169100 28.8862 23.1861 26.019 78.0913
169200 28.346 24.2839 26.448 79.0778
169300 29.3151 24.6353 26.8579 80.8082
169400 28.2242 25.1727 27.7651 81.162
169500 29.5812 24.5756 27.6211 81.778
169600 29.8503 24.7607 27.5799 82.1909
169700 29.5229 25.7026 28.713 83.9385
169800 28.7883 25.4991 27.8295 82.1168
169900 28.6608 25.246 28.7083 82.6151
170000 28.7561 25.4423 28.1039 82.3023
170100 29.6272 25.7491 28.1212 83.4975
170200 30.3107 25.7441 28.821 84.8758
170300 29.6464 25.6207 28.5201 83.7872
170400 29.554 25.4196 28.8198 83.7934
170500 29.8343 25.5955 28.71 84.1398
170600 30.4817 26.1152 29.3341 85.931
170700 30.6599 25.6698 29.1018 85.4314
170800 30.3357 25.7932 29.2161 85.345
170900 29.448 26.1606 29.8504 85.4591
171000 29.6303 26.572 29.5762 85.7784
171100 29.51 26.1368 29.2653 84.9121
171200 30.2316 26.4638 30.0562 86.7516
171300 29.4614 26.9741 29.9747 86.4102
171400 29.1474 26.8924 29.08 85.1198
171500 29.5233 26.5282 29.8411 85.8927
171600 30.0711 27.1532 29.6591 86.8834
171700 29.8843 26.6692 29.0571 85.6107
171800 30.5251 26.4031 29.3376 86.2659
171900 30.5314 26.3531 29.124 86.0084
172000 29.9754 26.1044 29.7101 85.79
172100 30.3532 25.7629 29.4092 85.5253
172200 30.6193 25.8093 29.0528 85.4814
172300 30.3451 25.9557 29.8698 86.1707
172400 30.8551 26.4539 29.5697 86.8787
172500 30.4207 26.3026 29.6854 86.4087
172600 29.8252 26.5325 29.6322 85.9899
172700 29.6701 26.5276 29.5265 85.7241
172800 30.2023 26.9229 28.8549 85.98
172900 30.0928 26.365 29.5011 85.9589
173000 30.4995 27.1264 30.467 88.0929
173100 29.9934 27.1546 30.191 87.339
173200 30.1003 27.9043 29.7773 87.7819
173300 30.1508 27.2919 29.2658 86.7085
173400 30.862 26.717 29.5838 87.1628
173500 30.0793 27.2995 28.8639 86.2427
173600 30.5488 27.0395 29.8638 87.452
173700 30.2028 26.6644 29.8996 86.7668
173800 30.5705 26.8332 30.0118 87.4154
173900 30.5524 26.9946 30.2201 87.7672
174000 30.4266 26.9787 30.1554 87.5606
174100 30.6108 26.3412 30.0983 87.0503
174200 30.5045 26.6387 29.2199 86.3632
174300 30.1239 26.6238 29.9681 86.7158
174400 30.0988 26.0972 29.4916 85.6876
174500 29.7713 26.4713 30.0675 86.3101
174600 29.7087 26.4233 29.7952 85.9272
174700 29.8852 27.1546 29.7137 86.7535
174800 29.8884 27.0292 29.4424 86.3601
174900 30.2707 27.3232 28.9789 86.5728
175000 29.3013 26.3748 29.7456 85.4217
175100 30.4965 27.1101 29.4496 87.0561
175200 30.4355 26.8076 29.4196 86.6627
175300 29.9925 26.6207 29.7403 86.3536
175400 30.1398 26.1519 28.2215 84.5131
175500 30.5021 25.5748 29.2713 85.3482
175600 29.4696 25.6478 29.4736 84.591
175700 30.104 25.9567 29.4486 85.5093
175800 30.6944 25.9048 29.2325 85.8317
175900 30.4946 26.5683 29.7293 86.7921
176000 30.0796 26.9853 30.3226 87.3875
176100 30.0139 26.2062 30.1748 86.3949
176200 30.2904 27.0669 30.1992 87.5565
176300 30.1952 26.1404 31.0613 87.3969
176400 29.4408 26.2791 31.0638 86.7837
176500 30.6925 26.3261 30.1558 87.1745
176600 30.0982 26.0532 29.9139 86.0653
176700 29.8393 26.9248 29.0075 85.7716
176800 29.4569 25.906 29.7712 85.134
176900 30.0016 26.7317 30.3043 87.0376
177000 30.9532 26.4812 30.2757 87.71
177100 30.5217 27.1441 30.5134 88.1791
177200 30.5615 26.89 30.8139 88.2654
177300 30.4517 26.0695 30.1576 86.6788
177400 30.2563 25.8353 30.7831 86.8747
177500 30.9746 26.8934 30.2903 88.1583
177600 31.1368 26.7939 30.3704 88.3011
177700 30.2119 26.5813 29.8682 86.6614
177800 30.2836 27.0092 30.1302 87.423
177900 30.8622 26.2338 29.637 86.7329
178000 30.1828 26.6772 30.452 87.312
178100 29.5588 26.9252 30.6272 87.1112
178200 30.0786 26.4754 29.8018 86.3557
178300 30.0764 26.2042 31.0056 87.2862
178400 30.5721 26.0898 31.2061 87.868
178500 30.223 25.8615 31.5859 87.6704
178600 30.0125 25.8701 31.2118 87.0944
178700 30.7566 26.0511 30.792 87.5996
178800 30.2879 26.648 30.3465 87.2824
178900 31.3931 26.2422 30.0025 87.6379
179000 31.0225 26.1845 30.357 87.5641
179100 30.0308 26.0685 30.3244 86.4237
179200 30.1464 26.5546 30.4596 87.1605
179300 30.5032 26.6915 30.5027 87.6974
179400 30.4361 26.4348 29.8736 86.7445
179500 31.1732 26.7335 30.0188 87.9255
179600 30.7703 26.3041 29.9399 87.0143
179700 31.2218 27.0018 29.3278 87.5514
179800 30.4215 27.279 30.2463 87.9469
179900 30.4788 27.0769 30.0101 87.5657
180000 31.2719 26.9999 30.0301 88.3019
180100 30.0543 26.5343 29.9189 86.5075
180200 29.638 27.0826 29.7424 86.4629
180300 30.0476 25.991 30.0993 86.1379
180400 30.7104 26.6903 29.8643 87.265
180500 31.2116 27.0594 30.4313 88.7022
180600 30.6506 26.6104 30.7834 88.0443
180700 30.7349 25.6335 30.4241 86.7926
180800 30.8013 26.1712 30.7499 87.7223
180900 31.3501 26.2737 29.9144 87.5382
181000 30.0804 26.9174 30.7478 87.7456
181100 30.554 25.7925 30.5208 86.8673
181200 31.2216 25.493 29.2625 85.9771
181300 30.766 25.8493 29.5172 86.1325
181400 31.0085 25.9302 30.5711 87.5098
181500 30.7722 25.8936 30.3725 87.0383
181600 31.1656 26.8773 30.0893 88.1322
181700 31.5216 27.5601 30.2318 89.3135
181800 31.5264 26.5117 29.5975 87.6356
181900 31.0389 26.5606 30.4624 88.0619
182000 30.4271 26.8675 30.2219 87.5165
182100 30.032 26.6142 29.5561 86.2023
182200 30.6866 26.8499 28.8361 86.3726
182300 30.8202 26.5399 29.6837 87.0438
182400 30.3927 26.1699 29.3729 85.9355
182500 31.2127 26.9655 29.3437 87.5218
182600 30.6063 26.1883 29.6544 86.4491
182700 30.9208 26.8803 29.4932 87.2943
182800 30.9421 27.3598 30.0067 88.3086
182900 30.7987 26.9913 29.9415 87.7315
183000 30.8047 26.4828 29.406 86.6936
183100 30.9749 27.0816 29.4823 87.5388
183200 31.1098 26.9709 29.5369 87.6175
183300 30.5353 26.7287 30.2689 87.5329
183400 30.8904 26.3453 29.8135 87.0491
183500 30.6318 26.6917 29.6896 87.0131
183600 30.4328 26.4917 30.0086 86.9332
183700 30.5894 26.8123 30.4004 87.8021
183800 30.1335 26.5056 30.2964 86.9354
183900 30.9798 26.0585 30.7156 87.7539
184000 31.8034 26.1375 30.5585 88.4994
184100 31.3279 26.7461 30.3513 88.4253
184200 31.646 26.2724 29.2905 87.2088
184300 31.3424 26.6368 30.3355 88.3146
184400 30.9664 26.8305 29.571 87.3679
184500 30.8184 26.6735 28.347 85.8389
184600 29.999 26.8141 28.9978 85.8109
184700 30.2759 26.407 30.1385 86.8213
184800 31.0474 26.6041 29.5443 87.1957
184900 30.2701 26.6605 29.7124 86.643
185000 30.4903 26.6327 29.6706 86.7936
185100 30.9215 26.5031 29.622 87.0466
185200 30.8497 27.0657 30.2201 88.1355
185300 30.3804 27.3304 29.9528 87.6635
185400 30.5453 26.3023 29.949 86.7966
185500 29.5916 26.2737 28.9686 84.8339
185600 31.0931 26.2957 29.6598 87.0486
185700 30.9864 26.4692 30.3693 87.8249
185800 31.5026 26.4048 30.5491 88.4564
185900 31.189 26.5509 30.4417 88.1816
186000 31.4938 26.5842 30.2819 88.3599
186100 31.4488 27.4993 29.6287 88.5768
186200 31.3368 27.9153 30.4242 89.6763
186300 31.2398 27.8929 30.1337 89.2664
186400 31.1937 27.5741 29.1652 87.933
186500 32.3987 27.0391 29.7202 89.158
186600 32.6718 26.5943 30.329 89.595
186700 31.8944 26.3594 29.2193 87.4731
186800 32.2841 26.8377 28.7741 87.8959
186900 30.209 27.5003 29.1579 86.8672
187000 30.8808 26.975 29.2849 87.1407
187100 31.2524 27.2838 29.552 88.0882
187200 32.5217 27.3638 30.2578 90.1433
187300 32.166 27.3222 29.9802 89.4684
187400 31.3795 26.6446 30.6393 88.6634
187500 31.5841 26.4744 29.9224 87.9809
187600 32.2537 26.5258 29.4302 88.2097
187700 31.8876 27.0877 30.0872 89.0625
187800 31.6584 27.0323 31.013 89.7037
187900 31.6411 27.5237 30.9157 90.0804
188000 31.9895 27.8971 29.9881 89.8747
188100 32.5651 26.6083 30.4343 89.6078
188200 31.8493 27.7053 29.7997 89.3543
188300 31.6226 27.6735 29.8479 89.144
188400 32.5713 26.901 29.7666 89.2388
188500 32.1409 27.2324 30.4155 89.7887
188600 32.8279 26.6363 31.5488 91.013
188700 33.4102 27.6262 31.0987 92.1351
188800 32.4999 27.3065 31.0439 90.8503
188900 33.5318 27.4312 31.2106 92.1736
189000 32.7811 26.8764 30.6974 90.3549
189100 32.6155 27.8839 31.7937 92.2931
189200 33.2272 27.7049 31.7315 92.6635
189300 32.645 28.3167 30.404 91.3657
189400 33.198 27.3433 29.8344 90.3757
189500 32.738 27.7403 30.8303 91.3086
189600 32.7588 27.518 30.2304 90.5071
189700 32.8032 28.2403 31.1393 92.1828
189800 32.0934 27.7775 30.2679 90.1387
189900 32.4079 27.1833 30.2745 89.8657
190000 32.3992 26.9593 30.6656 90.0241
190100 33.144 27.3872 31.22 91.7512
190200 32.7918 27.0319 30.6886 90.5124
190300 32.788 27.982 30.792 91.562
190400 33.0163 27.6655 30.5719 91.2537
190500 33.3331 27.7244 31.1848 92.2424
190600 33.9383 28.1275 31.592 93.6578
190700 32.9266 27.7642 31.2506 91.9414
190800 32.5412 27.7236 31.2882 91.553
190900 33.2513 28.3324 31.2276 92.8114
191000 33.0994 28.1946 31.1689 92.4628
191100 33.0734 27.7771 31.657 92.5074
191200 33.282 28.2829 30.337 91.9019
191300 32.9878 28.777 30.774 92.5388
191400 33.5919 27.9115 31.4135 92.9169
191500 33.5773 27.9381 31.4893 93.0047
191600 33.6458 27.4982 31.4234 92.5674
191700 33.8013 27.7264 32.1724 93.7001
191800 34.4954 26.3019 31.7914 92.5887
191900 33.3719 26.9571 31.0758 91.4048
192000 33.823 27.2557 32.049 93.1276
192100 33.6792 26.9543 31.0865 91.7199
192200 32.2869 27.6245 30.182 90.0934
192300 32.1569 28.7417 31.1834 92.082
192400 33.2913 27.7899 31.2424 92.3236
192500 33.2927 28.7239 31.1387 93.1552
192600 33.3233 27.673 31.2133 92.2096
192700 33.7076 27.7559 30.7795 92.2431
192800 32.6847 28.2413 30.6921 91.6182
192900 33.3904 27.8543 30.2739 91.5186
193000 33.2388 27.9971 31.7955 93.0315
193100 33.0517 27.6831 30.6204 91.3551
193200 32.6992 28.3204 31.0526 92.0721
193300 32.2954 28.3674 31.0366 91.6995
193400 32.7388 28.1964 30.4323 91.3674
193500 33.4416 27.6945 30.6791 91.8152
193600 32.8623 27.6315 30.6882 91.182
193700 32.6501 27.3285 30.7809 90.7595
193800 32.6735 27.4161 31.419 91.5086
193900 32.5013 27.7606 30.5558 90.8177
194000 33.2399 26.5886 30.2581 90.0866
194100 33.3603 27.7729 30.6005 91.7336
194200 32.6477 28.1962 30.796 91.6399
194300 33.9913 28.2348 32.2039 94.43
194400 33.3176 27.8157 31.9484 93.0817
194500 32.517 27.7262 31.5316 91.7748
194600 33.1204 27.13 31.8881 92.1386
194700 33.1561 27.594 30.8833 91.6333
194800 32.5389 27.8484 31.2007 91.5879
194900 33.6621 27.9571 30.2979 91.9171
195000 33.1402 27.7178 31.2599 92.1179
195100 33.8746 27.3875 31.5219 92.784
195200 34.1338 26.602 30.3707 91.1064
195300 33.9133 27.1535 31.25 92.3168
195400 34.3105 26.9834 30.9437 92.2376
195500 34.0197 26.5809 30.4463 91.0469
195600 34.2517 27.4142 30.6654 92.3313
195700 33.7009 27.1975 30.826 91.7244
195800 33.3008 27.8118 30.416 91.5286
195900 33.6667 27.7782 31.217 92.6619
196000 34.3722 27.395 31.724 93.4912
196100 33.8599 28.432 31.6204 93.9123
196200 33.3226 27.1159 31.4174 91.8559
196300 33.7539 27.1914 31.8926 92.8379
196400 34.0448 26.8067 30.5455 91.397
196500 34.6214 27.4423 31.9111 93.9747
196600 35.396 27.1724 32.253 94.8214
196700 35.3746 26.8452 31.704 93.9238
196800 34.5631 26.7856 31.8669 93.2156
196900 34.977 26.8736 31.5416 93.3922
197000 35.0776 27.4621 32.5138 95.0535
197100 35.9188 27.439 32.1667 95.5246
197200 35.9139 27.496 33.0681 96.478
197300 35.8734 26.2432 32.4497 94.5664
197400 35.5191 26.8409 32.4969 94.8569
197500 35.3057 27.182 31.9159 94.4036
197600 36.1199 27.6326 32.4574 96.2098
197700 36.2311 27.4153 32.1979 95.8443
197800 36.0931 27.6064 32.1842 95.8837
197900 34.8839 27.2667 32.0103 94.1609
198000 35.1919 27.7306 31.1712 94.0937
198100 35.5609 27.8613 31.6489 95.071
198200 35.1935 26.7923 31.594 93.5797
198300 35.3618 26.8231 31.7693 93.9542
198400 35.8665 26.4898 31.7959 94.1522
198500 35.3744 26.7523 32.0674 94.194
198600 35.1049 26.6554 31.6284 93.3888
198700 34.9885 26.5564 32.3629 93.9078
198800 35.6443 27.529 32.6904 95.8637
198900 35.4448 27.3828 32.2345 95.0621
199000 34.7618 27.4374 32.2897 94.4889
199100 35.3547 27.1702 31.8522 94.3771
199200 35.3821 26.6259 32.0089 94.0168
199300 34.5441 27.0961 32.2082 93.8485
199400 34.5543 26.9641 32.3095 93.8278
199500 34.9005 27.2874 31.6829 93.8708
199600 35.3935 26.2263 31.9523 93.5721
199700 35.1794 27.0961 32.2866 94.5621
199800 35.415 27.152 32.4532 95.0203
199900 35.6833 26.6037 32.4167 94.7036
200000 35.5307 26.57 32.282 94.3827
200100 35.4285 27.5323 32.794 95.7548
200200 35.3972 27.0497 32.2777 94.7246
200300 35.3269 26.6172 31.9087 93.8528
200400 35.0476 27.4881 32.3145 94.8502
200500 35.1497 26.4505 31.9072 93.5075
200600 35.601 26.0085 32.678 94.2875
200700 35.353 26.7392 32.4176 94.5097
200800 34.6099 26.6388 31.7528 93.0015
200900 35.283 26.1273 31.408 92.8183
201000 36.0571 25.8447 31.4638 93.3656
201100 36.0504 26.6786 31.5888 94.3178
201200 35.169 26.4944 30.9395 92.603
201300 34.9194 27.0513 31.608 93.5787
201400 35.1977 27.6449 32.3555 95.198
201500 35.6225 26.8387 32.3123 94.7735
201600 34.7298 26.752 32.268 93.7499
201700 35.0016 26.9048 31.4142 93.3206
201800 35.1529 26.9108 32.0293 94.093
201900 34.6432 26.0826 31.1648 91.8906
202000 34.3191 26.7028 33.1224 94.1442
202100 34.9396 26.6271 32.012 93.5787
202200 35.1738 26.9403 31.7884 93.9025
202300 34.6314 26.8593 32.2792 93.77
202400 34.953 26.5595 32.612 94.1245
202500 33.9836 26.6297 32.3445 92.9579
202600 34.9778 27.3775 31.4511 93.8064
202700 35.4188 26.5788 32.0518 94.0494
202800 35.2576 27.0368 31.664 93.9584
202900 35.4548 26.704 31.9632 94.122
203000 34.8709 26.5685 31.6233 93.0628
203100 35.2071 26.8058 31.3878 93.4008
203200 34.8495 26.324 31.71 92.8836
203300 34.9848 26.3288 32.0717 93.3852
203400 35.8848 26.9472 31.4844 94.3164
203500 35.3409 25.9551 31.3558 92.6517
203600 35.6394 26.1607 31.9458 93.7459
203700 34.7251 26.3505 32.669 93.7446
203800 34.1278 26.5545 32.8025 93.4848
203900 35.1356 26.7772 32.3371 94.2499
204000 33.7655 27.4948 32.6369 93.8972
204100 34.9965 26.6561 32.1874 93.84
204200 35.3469 26.3438 31.6559 93.3466
204300 35.5798 26.296 32.2163 94.0921
204400 35.199 26.3789 32.4725 94.0503
204500 34.5623 26.1878 31.9725 92.7226
204600 36.0387 26.5629 32.2991 94.9007
204700 36.0406 26.3054 32.0989 94.4448
204800 36.4842 26.8386 31.3826 94.7054
204900 35.9206 27.0071 31.0127 93.9404
205000 37.6249 25.4453 31.7072 94.7774
205100 36.9034 25.7812 30.6949 93.3796
205200 36.8177 26.1815 31.9818 94.981
205300 36.6534 26.6912 31.9698 95.3144
205400 36.5764 26.9514 31.1365 94.6642
205500 35.9529 26.7393 30.9239 93.6161
205600 35.6901 27.5841 30.9583 94.2325
205700 35.5229 26.3501 30.6671 92.5401
205800 36.0365 26.1947 31.8447 94.0759
205900 35.9374 27.1503 32.2123 95.3
206000 35.6939 27.0675 31.5817 94.343
206100 35.8901 26.7922 31.4479 94.1302
206200 36.3736 26.4276 32.2582 95.0594
206300 37.6334 26.6475 32.4664 96.7473
206400 37.9759 28.2119 32.2186 98.4064
206500 37.4864 27.4319 32.6337 97.5521
206600 37.3184 27.858 32.4761 97.6526
206700 37.8311 27.2441 32.5534 97.6286
206800 38.2211 26.779 31.8372 96.8373
206900 37.1917 28.1982 31.6084 96.9984
207000 37.9469 27.1158 31.3761 96.4388
207100 37.7835 27.1529 30.8037 95.7401
207200 37.811 27.8351 30.8765 96.5227
207300 37.4853 26.6206 30.4146 94.5206
207400 37.7317 27.5046 31.1007 96.3371
207500 37.376 27.9187 30.5669 95.8616
207600 37.9878 27.7374 31.1294 96.8545
207700 38.2191 27.1321 31.3762 96.7274
207800 37.8017 28.1007 30.8918 96.7942
207900 37.2473 27.9317 30.4056 95.5847
208000 37.5298 27.5309 31.2283 96.289
208100 37.6221 27.9806 30.8666 96.4693
208200 37.169 28.0623 30.9761 96.2074
208300 36.975 28.0747 31.6242 96.6739
208400 37.9481 27.4693 31.0438 96.4612
208500 38.6938 28.0182 30.5152 97.2272
208600 37.8421 27.0594 31.2208 96.1223
208700 38.0367 27.2345 31.1965 96.4676
208800 37.6104 27.2543 31.8028 96.6674
208900 37.4828 27.2793 31.0823 95.8444
209000 37.2519 28.0398 30.2406 95.5323
209100 37.9717 27.2337 30.3284 95.5338
209200 37.347 27.7424 30.1543 95.2438
209300 37.1336 27.0817 31.1536 95.3689
209400 37.4195 27.8803 31.0458 96.3455
209500 36.9494 26.9286 31.782 95.66
209600 37.0448 27.2317 33.2093 97.4857
209700 37.4223 27.1615 32.6759 97.2597
209800 36.086 27.1253 32.3634 95.5748
209900 36.2666 27.6082 32.708 96.5828
210000 36.6805 27.3266 32.4969 96.5041
210100 35.6325 28.0784 33.23 96.941
210200 36.0673 27.8762 32.0484 95.9919
210300 35.472 27.9533 32.6237 96.049
210400 35.0411 28.1072 31.4212 94.5694
210500 35.9471 28.0533 31.4151 95.4155
210600 36.035 28.9762 31.6452 96.6564
210700 35.4699 27.5277 31.5995 94.5971
210800 36.9336 27.3123 32.235 96.4809
210900 36.2228 27.3598 30.8524 94.435
211000 35.8911 27.0052 30.8137 93.7101
211100 36.2768 27.4438 31.2018 94.9223
211200 36.1092 26.9163 31.3596 94.3851
211300 36.392 26.8554 32.1479 95.3954
211400 36.5045 27.4155 31.9046 95.8246
211500 36.1 26.6355 32.6878 95.4234
211600 35.2525 27.6361 32.2778 95.1664
211700 34.7445 27.3213 31.4228 93.4886
211800 35.0241 26.7868 31.5988 93.4096
211900 34.4577 27.3728 32.2313 94.0618
212000 34.0238 27.8583 32.2172 94.0994
212100 33.9517 28.251 32.3403 94.543
212200 33.6661 27.7319 32.673 94.0709
212300 34.9622 26.9391 32.8641 94.7654
212400 34.561 27.5043 32.7086 94.7739
212500 33.6844 27.8376 32.1918 93.7138
212600 34.4596 27.8086 31.7189 93.987
212700 34.8358 28.1183 32.0636 95.0176
212800 34.4737 27.8639 32.4886 94.8263
212900 34.475 28.2344 32.7839 95.4934
213000 34.7342 27.6098 32.2501 94.5941
213100 35.4934 27.5157 32.3474 95.3565
213200 34.1835 27.9238 32.4942 94.6016
213300 33.7244 28.2564 33.4068 95.3876
213400 34.4793 28.2239 33.0029 95.7061
213500 35.0689 28.6996 33.7941 97.5626
213600 34.6584 28.1922 33.7524 96.603
213700 35.3479 28.6592 33.7433 97.7505
213800 35.6607 29.1078 33.3945 98.163
213900 35.0159 28.6051 34.69 98.311
214000 35.4386 29.1386 33.7278 98.305
214100 35.9378 28.6319 34.029 98.5986
214200 35.5437 29.0086 33.4975 98.0497
214300 35.0459 28.6294 34.1136 97.789
214400 35.4528 29.1856 33.9979 98.6362
214500 35.5119 30.1194 34.2571 99.8885
214600 34.6906 29.3478 34.2422 98.2807
214700 35.303 29.2235 33.7798 98.3062
214800 35.7303 28.5952 34.7451 99.0706
214900 35.567 29.7769 35.3983 100.742
215000 35.9185 29.4104 34.9805 100.309
215100 35.9317 28.6788 34.3904 99.0009
215200 35.1095 28.7648 34.222 98.0963
215300 35.2078 29.1836 34.4 98.7914
215400 35.6736 29.827 34.7659 100.267
215500 36.4381 28.0889 34.2719 98.7988
215600 36.577 29.1314 34.6484 100.357
215700 36.628 28.7808 34.2592 99.668
215800 36.2631 29.0249 35.5305 100.819
215900 36.3868 28.999 34.8988 100.285
216000 36.419 30.09 33.5136 100.023
216100 36.1273 29.4444 35.0324 100.604
216200 36.638 29.2272 34.7831 100.648
216300 36.8854 29.0538 34.7434 100.683
216400 36.552 28.8049 34.3701 99.727
216500 36.8128 28.9065 34.212 99.9314
216600 36.4672 29.1735 34.7206 100.361
216700 35.79 28.9117 35.0929 99.7947
216800 35.1451 29.3509 34.3733 98.8693
216900 35.7223 28.7764 34.7765 99.2752
217000 35.1849 29.4907 34.5502 99.2258
217100 35.7648 29.7919 35.8857 101.442
217200 35.4044 29.8815 35.4811 100.767
217300 36.0704 28.727 36.2901 101.087
217400 35.6241 28.6805 35.4505 99.7552
217500 36.0157 29.167 35.6968 100.88
217600 35.5494 28.7937 34.867 99.2101
217700 35.0329 28.5437 34.5121 98.0887
217800 35.5576 30.3237 34.8511 100.732
217900 35.8589 29.3399 34.6997 99.8984
218000 36.1582 29.2391 34.7374 100.135
218100 36.3087 29.3059 35.9778 101.592
218200 36.4104 29.6466 35.5307 101.588
218300 35.1548 29.3612 35.2013 99.7172
218400 35.3788 30.2103 36.0238 101.613
218500 36.6831 30.2998 36.5367 103.52
218600 36.8327 30.1945 36.6319 103.659
218700 36.2395 30.6786 37.8342 104.752
218800 36.4187 30.0092 37.1378 103.566
218900 35.085 30.397 37.2994 102.781
219000 34.8234 31.0857 36.9681 102.877
219100 35.9385 30.6701 36.0722 102.681
219200 34.895 30.0616 37.2011 102.158
219300 36.1238 29.9515 37.2002 103.276
219400 35.6927 29.9191 37.0216 102.633
219500 35.912 29.3991 36.9384 102.25
219600 34.9075 30.8783 37.2618 103.048
219700 35.6257 30.5009 37.3812 103.508
219800 35.6478 29.5727 38.0327 103.253
219900 36.089 30.1514 37.5442 103.785
220000 36.1069 30.4523 37.2806 103.84
220100 36.4552 30.5558 36.553 103.564
220200 35.5956 30.6144 37.5711 103.781
220300 34.5394 30.047 37.0092 101.596
220400 35.4365 30.2721 37.2822 102.991
220500 35.7908 29.576 37.8905 103.257
220600 36.3917 29.9469 37.6542 103.993
220700 35.8541 30.0835 37.0078 102.945
220800 35.8783 30.4952 37.1571 103.531
220900 35.1055 30.7496 38.0426 103.898
221000 35.5373 30.2417 37.153 102.932
221100 34.7393 30.6165 37.3519 102.708
221200 34.878 30.2217 37.1699 102.27
221300 34.9576 31.5669 37.6559 104.18
221400 35.6993 31.3236 36.8977 103.921
221500 34.3691 31.0079 37.2979 102.675
221600 35.5556 31.9017 36.9411 104.398
221700 36.2051 31.7088 37.4082 105.322
221800 35.6857 30.9394 37.0187 103.644
221900 35.4682 31.2563 37.667 104.391
222000 35.4694 31.5999 37.1262 104.195
222100 35.8692 31.2358 38.1293 105.234
222200 35.9702 31.1208 37.7692 104.86
222300 36.9919 31.0099 37.6858 105.688
222400 36.246 30.058 37.5039 103.808
222500 36.0741 30.619 37.7643 104.457
222600 36.1896 30.6035 38.0657 104.859
222700 35.5481 30.6846 37.9293 104.162
222800 35.7225 31.1211 37.5617 104.405
222900 35.4691 31.6766 37.1441 104.29
223000 36.2497 32.6776 37.4377 106.365
223100 35.8033 31.7399 37.3065 104.85
223200 36.1107 31.5669 38.5563 106.234
223300 36.0496 31.3262 37.7934 105.169
223400 35.8411 30.8858 38.4488 105.176
223500 36.076 31.7051 37.9402 105.721
223600 36.0772 31.2742 38.0867 105.438
223700 35.522 31.446 37.8649 104.833
223800 36.3996 30.9068 38.9221 106.229
223900 36.5889 31.1671 37.7136 105.47
224000 35.4295 32.6249 37.966 106.02
224100 36.3898 31.6856 38.0993 106.175
224200 36.0597 31.9252 38.1964 106.181
224300 35.6045 32.6614 38.2332 106.499
224400 36.3026 31.883 38.1797 106.365
224500 35.6851 31.3866 37.9164 104.988
224600 35.1815 31.0621 37.8418 104.085
224700 34.7151 31.0554 38.1999 103.97
224800 35.5233 31.4243 38.5479 105.495
224900 35.5903 31.4057 37.9291 104.925
225000 36.4484 31.4448 38.883 106.776
225100 36.4836 31.4209 38.1948 106.099
225200 36.0251 31.177 38.4724 105.674
225300 35.5431 31.0652 38.9923 105.601
225400 34.7446 31.9835 38.21 104.938
225500 35.1071 31.478 37.4906 104.076
225600 35.2561 31.7286 39.0977 106.082
225700 35.339 31.1446 38.5182 105.002
225800 34.9566 31.3244 38.9262 105.207
225900 35.577 31.328 38.1749 105.08
226000 36.4905 31.1493 38.1344 105.774
226100 35.9072 30.1117 37.8458 103.865
226200 35.9912 32.0973 37.9912 106.08
226300 36.0872 31.7124 37.7027 105.502
226400 36.0555 31.5277 38.0462 105.629
226500 36.395 31.5278 37.945 105.868
226600 37.1511 31.5166 36.8628 105.531
226700 37.2601 31.3847 37.6803 106.325
226800 35.9802 31.5711 38.8846 106.436
226900 35.5911 31.9325 38.071 105.595
227000 36.3006 31.6717 38.225 106.197
227100 35.896 31.3958 37.9495 105.241
227200 35.4978 31.1599 38.2184 104.876
227300 35.2913 32.0549 38.2726 105.619
227400 36.3882 31.1421 37.9761 105.506
227500 36.254 31.0814 37.2173 104.553
227600 36.5291 31.8231 37.6902 106.042
227700 36.6743 30.7748 37.4403 104.889
227800 35.2782 31.928 38.0723 105.278
227900 35.1584 31.5699 38.3235 105.052
228000 35.8259 31.3918 37.7834 105.001
228100 35.6766 31.4293 37.1338 104.24
228200 36.3451 30.6086 36.3785 103.332
228300 35.6264 31.1242 38.0541 104.805
228400 36.3497 31.0522 37.6651 105.067
228500 35.6812 31.2487 37.7657 104.696
228600 35.9959 30.7958 37.3086 104.1
228700 35.181 31.5012 37.1038 103.786
228800 35.3442 31.8626 36.9234 104.13
228900 36.1329 32.1459 37.3066 105.585
229000 35.8965 32.0537 36.7994 104.75
229100 35.1381 32.749 38.8164 106.704
229200 35.0491 32.4521 37.8364 105.338
229300 35.1957 31.8217 36.9448 103.962
229400 36.4261 32.4745 38.2874 107.188
229500 36.094 31.7991 37.8044 105.698
229600 35.8478 32.645 38.3884 106.881
229700 34.7818 31.9275 38.6903 105.4
229800 35.9242 32.6398 38.2618 106.826
229900 35.4095 31.5269 38.0011 104.938
230000 36.4343 32.0678 37.8004 106.302
230100 37.0112 31.7146 37.9728 106.699
230200 36.5224 32.132 38.3857 107.04
230300 36.6988 32.0563 36.9205 105.676
230400 37.4621 32.0984 37.4431 107.004
230500 37.3092 31.7843 38.0945 107.188
230600 38.3818 31.6658 38.1687 108.216
230700 37.6506 31.7628 38.2564 107.67
230800 37.4251 31.6927 37.5243 106.642
230900 37.499 32.8019 38.425 108.726
231000 36.3316 32.6071 38.3323 107.271
231100 36.7871 32.5171 37.8007 107.105
231200 36.6877 32.7248 38.5602 107.973
231300 36.6978 33.2573 39.8482 109.803
231400 37.4255 32.1981 40.342 109.966
231500 36.6068 32.3027 39.7547 108.664
231600 37.479 32.5868 38.6165 108.682
231700 36.9889 32.5967 39.9921 109.578
231800 37.9791 32.7336 39.4069 110.12
231900 38.2511 32.5575 39.7695 110.578
232000 38.359 32.7929 38.8277 109.98
232100 36.7767 33.1695 39.7784 109.725
232200 36.8543 32.4816 39.5592 108.895
232300 37.0883 32.6298 38.9427 108.661
232400 36.9919 33.1488 39.4825 109.623
232500 37.0488 32.7211 39.2561 109.026
232600 36.5492 32.6542 39.9489 109.152
232700 36.805 33.5434 39.6796 110.028
232800 36.8902 32.2276 39.4045 108.522
232900 37.2795 33.7454 38.9393 109.964
233000 36.9187 33.6796 38.7659 109.364
233100 35.88 33.4655 38.1168 107.462
233200 36.0577 33.9132 39.7369 109.708
233300 35.9616 33.7973 40.1839 109.943
233400 37.5901 33.7189 39.809 111.118
233500 37.0392 33.3327 39.3698 109.742
233600 36.4316 33.4962 38.9045 108.832
233700 36.7912 33.3342 39.4227 109.548
233800 36.1534 33.2476 38.3773 107.778
233900 37.1255 33.144 38.9347 109.204
234000 36.5071 34.218 38.7897 109.515
234100 36.2438 33.606 38.8029 108.653
234200 35.8463 33.2566 39.1219 108.225
234300 36.6031 33.1142 39.2563 108.974
234400 36.3802 33.354 39.5875 109.322
234500 36.7588 33.7044 37.7383 108.201
234600 36.8431 33.6264 38.9482 109.418
234700 36.716 33.2582 38.5013 108.475
234800 36.3258 33.3813 38.6909 108.398
234900 35.2098 32.6265 38.377 106.213
235000 35.7634 32.2021 38.5575 106.523
235100 35.2983 31.3372 38.7352 105.371
235200 34.8914 32.6575 37.8468 105.396
235300 35.1559 32.9551 37.4379 105.549
235400 35.3018 32.6306 37.3303 105.263
235500 34.4775 32.8468 38.2442 105.568
235600 34.8113 33.3786 38.2954 106.485
235700 35.8161 33.5244 38.9608 108.301
235800 35.8896 33.6732 39.2831 108.846
235900 36.5732 33.6019 39.3358 109.511
236000 36.4126 33.4142 40.3922 110.219
236100 35.4168 33.1585 40.8607 109.436
236200 35.51 33.1184 40.7988 109.427
236300 35.8026 33.4035 40.1242 109.33
236400 36.0927 33.4319 40.8668 110.392
236500 36.1278 34.3162 40.9041 111.348
236600 35.5837 33.3574 41.1425 110.084
236700 35.2174 33.6312 40.3098 109.158
236800 35.1089 32.9622 41.6693 109.74
236900 35.4906 33.6529 41.2139 110.357
237000 36.0151 34.5497 41.6186 112.183
237100 35.8041 34.097 40.9517 110.853
237200 35.6728 34.7532 40.6111 111.037
237300 35.4575 34.9637 41.4762 111.897
237400 35.4716 33.6258 41.5774 110.675
237500 34.9226 33.8897 40.9462 109.759
237600 35.8067 34.2563 41.1152 111.178
237700 35.8576 35.0314 42.0768 112.966
237800 37.1592 35.2226 41.1628 113.545
237900 36.916 35.0906 42.0695 114.076
238000 37.8193 34.4534 41.9157 114.188
238100 36.6339 34.8315 41.9879 113.453
238200 36.4887 34.7528 40.877 112.118
238300 36.467 34.2152 42.0991 112.781
238400 36.1968 34.4319 41.089 111.718
238500 35.5271 34.5051 41.4458 111.478
238600 36.3957 33.6043 41.6215 111.622
238700 36.7149 34.5975 41.129 112.442
238800 36.6609 34.5046 41.7575 112.923
238900 36.3462 34.3248 41.2802 111.951
239000 37.4815 33.6915 41.0757 112.249
239100 38.0131 34.9812 41.887 114.881
239200 37.8441 34.2761 42.1006 114.221
239300 37.3219 35.6266 41.9854 114.934
239400 37.893 34.6158 42.0012 114.51
239500 37.6347 35.188 40.7843 113.607
239600 37.5052 35.4221 42.4381 115.365
239700 37.3472 35.3593 42.3729 115.079
239800 38.4175 34.3296 41.5911 114.338
239900 38.1157 34.5571 41.4863 114.159
240000 38.0853 34.6196 42.751 115.456
240100 38.356 35.4762 42.0406 115.873
240200 37.7461 35.6513 42.3465 115.744
240300 38.1393 34.9094 42.1497 115.198
240400 38.0331 35.0066 40.6876 113.727
240500 37.5549 33.9256 41.4624 112.943
240600 38.1755 34.5775 40.8352 113.588
240700 38.9786 34.8688 41.5682 115.416
240800 38.7059 34.0417 41.9721 114.72
240900 38.4625 33.9057 42.2597 114.628
241000 38.151 34.469 42.8677 115.488
241100 38.1448 34.2752 41.3528 113.773
241200 38.8564 34.5996 42.0038 115.46
241300 37.9062 35.3581 42.2989 115.563
241400 37.773 35.2088 41.4983 114.48
241500 39.0603 35.572 42.0457 116.678
241600 38.1737 35.0731 41.9461 115.193
241700 38.5529 34.2208 41.7207 114.494
241800 38.0017 34.3981 42.2514 114.651
241900 38.1258 34.7535 41.3191 114.198
242000 38.7778 34.8611 42.0642 115.703
242100 39.4499 35.0959 41.8616 116.407
242200 37.9942 34.6659 42.4796 115.14
242300 38.6544 35.3358 42.2728 116.263
242400 38.3495 36.1002 42.4164 116.866
242500 38.8078 35.8636 42.6728 117.344
242600 38.3014 35.216 42.5182 116.036
242700 38.2963 34.8384 41.9798 115.115
242800 37.9639 35.7205 41.8223 115.507
242900 37.6786 34.8339 41.8713 114.384
243000 38.2714 33.264 42.0952 113.631
243100 37.8845 35.1653 42.7167 115.767
243200 38.8439 34.3889 41.9947 115.228
243300 39.1789 35.5067 41.6112 116.297
243400 38.5445 35.6341 42.2142 116.393
243500 38.5573 34.6638 41.2011 114.422
243600 38.8616 34.5358 41.4986 114.896
243700 39.6408 33.9212 41.6826 115.244
243800 38.8091 34.7848 40.9225 114.516
243900 39.4915 33.6228 41.228 114.342
244000 38.4061 35.2931 41.4438 115.143
244100 38.7858 34.7638 41.9998 115.549
244200 37.9087 34.6444 41.7058 114.259
244300 38.4652 34.3462 40.9414 113.753
244400 37.7329 34.113 40.4351 112.281
244500 37.9156 34.8903 40.5597 113.366
244600 38.0651 34.5246 41.1559 113.746
244700 39.3287 34.1738 40.0655 113.568
244800 39.5384 33.601 39.8097 112.949
244900 39.6398 33.4526 41.2507 114.343
245000 40.1004 34.196 40.3589 114.655
245100 40.3458 34.3086 40.6239 115.278
245200 39.3316 33.4491 40.4466 113.227
245300 40.2896 34.3981 40.4016 115.089
245400 40.464 35.2839 41.4882 117.236
245500 40.4117 33.5859 41.4469 115.445
245600 40.209 35.03 41.9586 117.198
245700 40.7822 35.3277 41.7332 117.843
245800 41.2775 35.7935 43.4161 120.487
245900 41.5076 36.8322 43.2375 121.577
246000 41.617 36.0422 43.2826 120.942
246100 41.7484 35.8337 42.8381 120.42
246200 41.2225 36.1154 44.0884 121.426
246300 41.4767 35.7385 43.1307 120.346
246400 41.5355 35.4599 43.8801 120.876
246500 41.3595 35.9023 43.8805 121.142
246600 41.7453 36.422 43.6899 121.857
246700 41.8343 36.1893 43.1578 121.181
246800 41.6669 36.5323 43.565 121.764
246900 41.196 37.0818 43.6784 121.956
247000 42.0326 36.2964 43.7431 122.072
247100 42.264 36.0935 43.0128 121.37
247200 42.0461 35.8134 42.6512 120.511
247300 42.0532 35.5364 43.6339 121.224
247400 41.4311 35.4521 43.2465 120.13
247500 41.8042 36.0429 42.6904 120.538
247600 42.02 35.9786 43.3295 121.328
247700 42.5846 35.301 43.3936 121.279
247800 40.5591 35.1247 42.8908 118.575
247900 40.6082 36.2368 42.7614 119.606
248000 40.5506 36.2208 42.8773 119.649
248100 40.7295 35.6868 43.6464 120.063
248200 40.5496 36.0979 44.4526 121.1
248300 40.5516 36.7496 43.5743 120.875
248400 40.4532 37.122 43.9723 121.548
248500 40.3676 37.2821 44.2335 121.883
248600 41.1017 38.2351 43.6392 122.976
248700 40.5421 39.0685 42.7299 122.341
248800 40.5987 36.8361 43.1264 120.561
248900 39.8855 36.6862 42.9509 119.523
249000 40.5812 37.1399 42.4735 120.195
249100 40.5649 37.3863 43.3468 121.298
249200 40.7424 37.4131 44.6922 122.848
249300 42.0183 38.1196 44.2015 124.339
249400 40.8658 36.8789 44.5147 122.259
249500 40.3516 37.4105 43.4783 121.24
249600 40.9994 36.9482 44.2955 122.243
249700 41.2508 37.612 44.2673 123.13
249800 40.9299 37.6189 44.8458 123.395
249900 41.4462 37.5016 43.9112 122.859
250000 40.8439 37.6097 44.0019 122.455
