# step msd_x msd_y msd_z msd_total (Ang^2)
# TimeStep c_msd_Na[1] c_msd_Na[2] c_msd_Na[3] c_msd_Na[4]
0 0 8.2173e-31 1.18329e-30 2.00502e-30
100 0.320076 0.22328 0.344163 0.887518
200 0.460749 0.343425 0.448437 1.25261
300 0.51806 0.462952 0.523178 1.50419
400 0.427518 0.29049 0.430228 1.14824
500 0.540588 0.491285 0.398749 1.43062
600 0.606493 0.43893 0.415685 1.46111
700 0.621561 0.49965 0.503897 1.62511
800 0.58847 0.537258 0.41605 1.54178
900 0.605073 0.716873 0.584985 1.90693
1000 0.669874 0.804121 0.547081 2.02108
1100 0.66321 0.797736 0.671305 2.13225
1200 0.824948 0.742189 0.718373 2.28551
1300 0.828009 0.750012 0.8463 2.42432
1400 0.865062 0.904921 0.667715 2.4377
1500 0.765188 0.788875 0.838036 2.3921
1600 0.77075 0.942803 0.736031 2.44958
1700 1.01131 1.15985 0.968436 3.1396
1800 1.13906 1.31566 1.14705 3.60177
1900 1.03497 1.13999 1.06038 3.23534
2000 0.988804 1.10104 0.839419 2.92927
2100 1.05819 1.11131 1.00434 3.17384
2200 1.07199 1.23581 1.05107 3.35886
2300 0.992567 1.10103 0.998005 3.0916
2400 1.02686 1.11075 0.963223 3.10084
2500 0.97637 1.1374 1.08165 3.19542
2600 1.17765 1.16667 1.07772 3.42203
2700 1.03457 1.29246 1.00535 3.33238
2800 1.15449 1.4573 1.17153 3.78333
2900 1.29791 1.44713 1.36296 4.108
3000 1.4703 1.52588 1.42071 4.41689
3100 1.47574 1.44352 1.39561 4.31487
3200 1.30198 1.59953 1.38541 4.28692
3300 1.48259 1.46445 1.635 4.58203
3400 1.50749 1.45164 1.56197 4.52109
3500 1.4967 1.64311 1.71905 4.85886
3600 1.68276 1.57624 1.65093 4.90994
3700 1.83264 1.8585 1.92649 5.61763
3800 2.06179 2.06554 2.45145 6.57879
3900 2.00334 1.87792 2.01209 5.89335
4000 2.21388 2.18498 2.67459 7.07345
4100 2.19291 2.1197 2.44541 6.75801
4200 2.40875 2.02042 2.50052 6.92969
4300 2.55561 2.22577 2.41502 7.19639
4400 2.68523 2.20844 2.50788 7.40155
4500 2.68941 2.07718 2.68973 7.45632
4600 2.59591 2.54506 2.53163 7.6726
4700 2.6172 2.31736 2.40612 7.34068
4800 2.60445 2.28036 2.37135 7.25616
4900 2.88561 2.26215 2.58572 7.73348
5000 2.75151 2.77569 2.72166 8.24887
5100 2.83842 2.55192 2.5643 7.95465
5200 2.6996 2.72988 2.62955 8.05903
5300 2.88159 2.68618 2.66436 8.23212
5400 2.67095 2.78971 2.66825 8.12891
5500 2.79203 3.11413 2.6595 8.56566
5600 2.88683 3.09648 2.60457 8.58788
5700 3.00424 3.11364 2.49749 8.61536
5800 2.87267 2.78896 2.36424 8.02587
5900 2.72006 2.93221 2.82057 8.47284
6000 2.92638 2.63001 2.52842 8.08481
6100 2.79812 2.75098 2.63609 8.18518
6200 2.93628 3.03541 2.69261 8.6643
6300 2.71426 3.20067 2.63629 8.55122
6400 2.80085 3.38815 2.75627 8.94526
6500 2.929 3.47581 2.81356 9.21837
6600 2.93097 3.52365 2.75318 9.20781
6700 2.90557 3.34676 2.81738 9.06971
6800 2.81009 3.26269 3.01548 9.08825
6900 2.65462 3.38375 2.98908 9.02746
7000 2.88795 3.53619 3.17258 9.59671
7100 2.94309 3.42537 3.26789 9.63635
7200 2.94527 3.32045 3.15226 9.41798
7300 2.92753 3.38874 2.96253 9.27879
7400 2.83691 3.19489 3.05902 9.09082
7500 3.0092 3.20469 2.91728 9.13117
7600 3.04191 3.36607 3.17932 9.58729
7700 2.94683 3.40545 3.37385 9.72613
7800 3.30068 3.4698 3.27246 10.0429
7900 3.17295 3.4817 3.1599 9.81455
8000 3.31104 3.46333 3.14268 9.91704
8100 3.45136 3.7835 3.14771 10.3826
8200 3.23923 3.64347 2.9779 9.86061
8300 3.44535 4.05547 3.17389 10.6747
8400 3.73001 4.18923 3.59544 11.5147
8500 4.15058 3.80305 3.71017 11.6638
8600 3.8595 3.89377 3.54146 11.2947
8700 3.15621 3.88133 3.49281 10.5303
8800 3.32616 4.16265 3.60082 11.0896
8900 3.46884 4.1656 3.63907 11.2735
9000 3.60657 4.29396 3.42951 11.33
9100 3.34462 4.03952 3.63141 11.0156
9200 3.45863 4.16463 3.79606 11.4193
9300 3.51836 4.40573 3.60279 11.5269
9400 3.83122 4.343 3.52947 11.7037
9500 3.6244 4.54232 3.71411 11.8808
9600 3.90706 4.57059 3.49157 11.9692
9700 3.84374 4.56346 3.68723 12.0944
9800 3.74034 4.38993 3.81739 11.9477
9900 4.09435 4.43491 3.84663 12.3759
10000 4.06607 4.07082 3.659 11.7959
10100 4.32532 4.54309 3.2093 12.0777
10200 4.08088 4.58902 3.38114 12.051
10300 4.27383 4.87554 3.77064 12.92
10400 4.40955 4.86909 3.73809 13.0167
10500 4.36655 4.91132 3.77735 13.0552
10600 4.51918 5.16744 4.08198 13.7686
10700 4.34058 5.02068 3.76565 13.1269
10800 4.81605 5.06838 3.84635 13.7308
10900 4.87907 5.56174 4.07117 14.512
11000 5.31219 5.61568 4.02504 14.9529
11100 5.24608 5.6139 4.25893 15.1189
11200 5.058 5.73467 4.37182 15.1645
11300 5.23078 6.03583 4.26813 15.5347
11400 5.24827 5.77021 4.59131 15.6098
11500 5.50969 5.89137 4.80534 16.2064
11600 5.35197 6.16605 4.95408 16.4721
11700 5.5694 6.21343 5.07955 16.8624
11800 5.93868 6.40416 5.38054 17.7234
11900 5.68651 6.25529 5.38053 17.3223
12000 6.19803 6.1672 5.5556 17.9208
12100 6.42827 6.44156 5.89479 18.7646
12200 6.30619 6.57866 6.00811 18.893
12300 5.88798 6.80254 5.77439 18.4649
12400 5.92544 6.57057 5.79787 18.2939
12500 5.78435 7.11671 5.86334 18.7644
12600 5.90461 7.30146 5.6324 18.8385
12700 5.69125 6.88145 5.6796 18.2523
12800 5.89681 7.05521 5.65832 18.6103
12900 5.44487 7.22952 5.67605 18.3504
13000 5.56923 7.23807 5.43967 18.247
13100 5.32447 7.06025 5.44217 17.8269
13200 5.55114 7.36283 5.58196 18.4959
13300 5.60569 7.11185 5.21036 17.9279
13400 5.57295 7.00112 5.32432 17.8984
13500 6.21955 7.19143 5.27209 18.6831
13600 6.03953 7.39724 5.69269 19.1295
13700 5.79062 7.60418 5.69028 19.0851
13800 6.19501 7.4437 5.67637 19.3151
13900 6.43088 7.67984 5.92578 20.0365
14000 6.60076 7.99388 5.93638 20.531
14100 6.27435 8.11297 6.07827 20.4656
14200 6.83653 7.71988 7.01163 21.568
14300 6.99678 7.54973 6.69769 21.2442
14400 7.14511 7.95934 7.11742 22.2219
14500 7.23981 7.97127 6.8186 22.0297
14600 7.41015 8.14384 7.07206 22.6261
14700 7.28289 7.84121 7.12573 22.2498
14800 6.9478 7.78382 7.03495 21.7666
14900 7.09816 7.54743 7.06816 21.7138
15000 7.02809 7.37748 6.75302 21.1586
15100 7.20383 7.26433 7.4306 21.8988
15200 6.92765 8.13019 7.49109 22.5489
15300 7.59615 7.68117 7.12229 22.3996
15400 7.06405 8.584 7.48644 23.1345
15500 7.8303 8.94263 6.99007 23.763
15600 8.28182 8.3978 7.01728 23.6969
15700 8.49534 8.6528 7.00142 24.1496
15800 8.40327 8.17969 6.92308 23.506
15900 8.40039 8.32341 7.37117 24.095
16000 8.64877 8.45858 7.86642 24.9738
16100 8.92205 8.0747 8.02373 25.0205
16200 8.48922 7.83818 7.42012 23.7475
16300 8.96188 7.80684 7.42405 24.1928
16400 8.95018 7.53053 7.20716 23.6879
16500 9.05676 8.29713 7.15617 24.5101
16600 8.92711 8.33028 7.11353 24.3709
16700 8.91388 8.44414 7.6986 25.0566
16800 9.43005 8.42835 7.9952 25.8536
16900 9.7073 8.60623 7.77603 26.0896
17000 9.29418 8.58755 7.41979 25.3015
17100 9.46 9.10173 7.85051 26.4122
17200 9.44675 8.80254 7.48699 25.7363
17300 9.41588 8.83356 7.4291 25.6785
17400 9.20923 8.91698 7.71863 25.8448
17500 8.81191 9.15795 7.7862 25.7561
17600 9.84553 9.18492 8.31765 27.3481
17700 9.87572 9.42405 8.58648 27.8863
17800 9.30431 9.07605 7.82732 26.2077
17900 9.80824 8.30534 7.27544 25.389
18000 9.69949 8.43565 7.50791 25.6431
18100 9.47398 8.56295 8.01358 26.0505
18200 9.94335 9.18877 7.83626 26.9684
18300 10.1469 9.30579 8.13979 27.5924
18400 9.98166 9.62013 8.41777 28.0196
18500 10.3181 9.34509 8.63675 28.3
18600 10.239 9.40511 8.525 28.1691
18700 10.8042 9.85048 8.74857 29.4032
18800 10.3788 9.65601 8.93949 28.9743
18900 9.89232 9.53728 9.04004 28.4696
19000 9.93173 9.79018 9.2952 29.0171
19100 10.2495 9.97689 9.74641 29.9728
19200 10.7318 9.78349 9.21065 29.726
19300 10.8865 9.31028 8.85723 29.054
19400 10.4954 9.78938 9.10409 29.3888
19500 10.5465 10.0417 9.03536 29.6236
19600 10.4649 10.1121 8.90157 29.4786
19700 11.2636 10.8606 8.26918 30.3934
19800 11.4114 10.9834 8.44398 30.8388
19900 11.1174 11.3686 8.73713 31.2231
20000 11.4595 11.0867 9.07316 31.6193
20100 11.6252 11.6356 10.066 33.3268
20200 11.2444 11.651 9.94721 32.8426
20300 10.7519 11.8841 10.2002 32.8362
20400 11.1448 11.6662 10.3536 33.1646
20500 11.3597 11.6486 10.6187 33.627
20600 11.4689 11.3138 10.177 32.9597
20700 11.3938 11.2412 9.86294 32.4979
20800 11.5796 11.6868 10.1852 33.4517
20900 11.9758 11.5953 9.90798 33.479
21000 11.8611 11.1501 9.96499 32.9762
21100 11.8648 11.4045 10.2276 33.4968
21200 11.4314 11.2119 9.66009 32.3034
21300 11.3654 11.5381 9.6343 32.5378
21400 11.402 11.5051 9.5731 32.4801
21500 11.5821 11.8112 10.0173 33.4105
21600 11.5561 12.2268 10.37 34.153
21700 11.5601 12.8266 10.2843 34.671
21800 11.7331 12.1606 11.021 34.9147
21900 11.5413 12.4952 11.0104 35.0469
22000 12.0403 12.462 11.1112 35.6135
22100 12.2529 12.6571 11.316 36.226
22200 12.7009 12.3401 11.1179 36.1589
22300 12.7076 11.9109 10.6479 35.2665
22400 12.4026 12.707 11.1343 36.2438
22500 12.3765 12.2955 10.575 35.247
22600 12.4445 12.3792 10.7337 35.5574
22700 12.2598 12.234 11.3016 35.7954
22800 12.944 12.378 11.1695 36.4915
22900 13.0672 12.405 11.8177 37.2899
23000 13.0317 12.3122 11.9106 37.2544
23100 12.5644 12.8872 12.1896 37.6411
23200 13.165 12.7608 12.4121 38.3379
23300 13.1906 12.9419 12.3678 38.5003
23400 13.6538 13.0136 12.4095 39.0769
23500 12.4092 13.3184 12.5261 38.2537
23600 12.3377 13.4447 13.1458 38.9282
23700 12.2997 13.3468 12.6546 38.3012
23800 13.4236 13.5866 12.9512 39.9614
23900 13.055 13.6573 12.6645 39.3768
24000 12.9071 13.6767 13.046 39.6298
24100 12.9831 14.1852 13.6555 40.8238
24200 13.3531 13.5571 13.6133 40.5235
24300 13.084 13.5179 13.7709 40.3728
24400 12.8439 13.6631 13.8071 40.3142
24500 13.4555 13.2156 13.576 40.2472
24600 13.3951 13.1643 13.7119 40.2713
24700 14.1255 12.6258 14.3638 41.1151
24800 13.8097 13.0054 13.8986 40.7137
24900 13.68 12.949 14.0263 40.6553
25000 13.7243 12.6843 14.6202 41.0287
25100 13.5651 12.4568 14.7601 40.782
25200 13.9099 12.6874 14.6677 41.265
25300 14.0531 12.7654 15.1145 41.9329
25400 14.6897 13.7162 15.1205 43.5264
25500 13.9098 13.2852 14.9538 42.1488
25600 14.6461 13.1323 14.9917 42.77
25700 14.1856 13.0722 15.0826 42.3404
25800 14.1806 14.0476 14.6643 42.8926
25900 14.7345 13.4935 15.1553 43.3833
26000 14.5891 13.5447 15.1727 43.3065
26100 14.9878 13.5648 15.5207 44.0733
26200 14.6103 13.2088 15.1806 42.9997
26300 14.196 13.6787 15.6345 43.5092
26400 14.4336 14.021 15.1794 43.6341
26500 14.7752 14.1169 14.6884 43.5806
26600 13.8634 14.7952 14.4837 43.1422
26700 14.2206 14.1733 14.6185 43.0124
26800 13.8838 14.5293 14.5286 42.9416
26900 14.3998 14.2309 14.7069 43.3376
27000 14.1151 14.3523 15.0266 43.4939
27100 13.6082 14.7664 15.9641 44.3387
27200 14.7828 14.687 15.9697 45.4394
27300 14.6422 14.5226 15.529 44.6937
27400 14.5547 15.459 15.3251 45.3388
27500 14.758 14.6862 14.7038 44.148
27600 14.2137 14.6342 15.6435 44.4914
27700 14.5814 15.0628 15.9286 45.5728
27800 14.2184 14.5547 16.55 45.3231
27900 15.0525 15.0641 16.8077 46.9243
28000 15.0313 15.0892 16.7318 46.8522
28100 14.8199 15.105 16.3779 46.3028
28200 14.7039 15.4792 17.0833 47.2664
28300 15.2882 15.4311 16.2316 46.9509
28400 15.6627 15.0751 16.3976 47.1354
28500 15.7537 15.7682 16.3942 47.9162
28600 15.147 15.2156 16.2263 46.5888
28700 15.6965 15.0348 16.8087 47.54
28800 15.9799 14.6819 16.6419 47.3037
28900 16.0333 14.6653 17.0639 47.7625
29000 15.861 16.1179 16.542 48.5209
29100 16.1386 16.1873 16.2475 48.5735
29200 16.1162 16.4844 16.3203 48.9209
29300 16.6183 15.2084 16.9509 48.7776
29400 16.8269 15.8513 16.6959 49.3741
29500 16.4616 16.961 17.0968 50.5194
29600 16.461 17.8277 16.5572 50.8459
29700 16.8533 17.4738 16.1733 50.5003
29800 16.9226 17.3115 16.097 50.3311
29900 17.7133 17.0331 15.95 50.6964
30000 17.597 17.1739 16.0629 50.8337
30100 17.8148 17.8505 17.0766 52.7419
30200 17.574 18.0109 17.0549 52.6397
30300 16.6074 16.808 16.9327 50.3481
30400 17.0503 17.4917 16.5837 51.1256
30500 17.704 17.4545 16.1485 51.3069
30600 17.6153 17.3185 16.4049 51.3386
30700 18.1883 16.9476 15.8907 51.0266
30800 18.6582 17.1168 16.5248 52.2997
30900 18.1914 17.7456 16.3923 52.3294
31000 18.2516 17.6916 16.6682 52.6114
31100 18.0421 17.5865 16.1225 51.7511
31200 17.9203 17.2312 16.394 51.5454
31300 18.2694 17.4473 16.7537 52.4704
31400 18.0492 16.9179 16.9284 51.8955
31500 17.9607 16.5522 16.8491 51.362
31600 18.1381 16.6902 17.3892 52.2175
31700 18.2594 17.0633 17.5493 52.872
31800 17.5019 16.4533 17.9114 51.8666
31900 18.1565 16.4029 17.2559 51.8154
32000 17.7483 17.1149 17.6766 52.5398
32100 17.5268 16.5238 17.2665 51.3172
32200 18.1488 17.5925 17.3635 53.1048
32300 18.7704 17.0021 17.5514 53.324
32400 18.819 17.8835 18.0605 54.763
32500 18.8811 17.7927 17.9435 54.6173
32600 18.8423 18.1212 17.4965 54.46
32700 18.7146 17.9296 17.4497 54.094
32800 18.7248 18.0258 16.9959 53.7465
32900 18.8577 17.2718 17.0566 53.186
33000 18.7521 17.6564 17.2611 53.6697
33100 18.1996 17.7414 17.2951 53.2361
33200 18.7559 17.0795 17.4704 53.3058
33300 19.1923 17.2045 17.1497 53.5466
33400 19.3858 17.3815 17.3028 54.0702
33500 19.0325 17.4238 16.7194 53.1756
33600 19.7857 18.0161 17.3057 55.1075
33700 20.132 18.5073 17.7178 56.3571
33800 19.4452 17.9148 17.624 54.9841
33900 18.3726 17.7552 17.1817 53.3095
34000 19.7263 17.8122 17.1069 54.6455
34100 18.8371 16.9784 17.2889 53.1044
34200 18.353 17.3717 17.5349 53.2596
34300 18.419 17.4375 16.9427 52.7992
34400 19.11 17.4272 17.4056 53.9428
34500 18.4951 17.4701 17.1011 53.0663
34600 17.9341 17.7694 16.7534 52.4568
34700 18.8258 18.2803 17.0816 54.1878
34800 19.5954 18.0632 18.0892 55.7479
34900 20.0146 18.4612 17.7042 56.18
35000 19.6569 18.2647 17.4584 55.3799
35100 19.4531 18.5795 18.0949 56.1275
35200 19.6554 18.664 17.7197 56.0391
35300 19.9025 17.9159 18.4132 56.2316
35400 19.0989 17.9685 18.559 55.6264
35500 19.4152 18.5561 17.8476 55.8189
35600 19.5973 18.5624 17.8993 56.059
35700 20.5341 17.9063 18.8715 57.312
35800 20.4422 18.1815 18.0214 56.645
35900 20.4764 18.6068 18.3201 57.4033
36000 19.5361 17.8007 17.9741 55.3108
36100 20.5475 18.3891 17.6996 56.6362
36200 20.506 18.8983 17.769 57.1733
36300 21.0396 18.557 17.6788 57.2754
36400 20.3698 18.2941 18.4695 57.1334
36500 20.9442 18.8974 17.9205 57.7621
36600 20.0014 18.2437 18.3801 56.6252
36700 20.4077 18.2818 17.8657 56.5552
36800 20.7859 18.3073 17.7933 56.8864
36900 20.5855 18.7162 17.9178 57.2195
37000 20.3302 18.2391 17.6711 56.2404
37100 20.8999 18.3593 18.743 58.0023
37200 20.8653 18.1124 18.6349 57.6126
37300 21.1913 18.6209 18.0861 57.8982
37400 21.3337 18.6606 18.6681 58.6625
37500 21.3314 18.7726 19.1062 59.2101
37600 21.5969 19.2294 19.5386 60.3649
37700 22.2076 18.8625 19.1495 60.2197
37800 22.8963 18.1721 19.3322 60.4005
37900 22.6892 18.2027 19.3225 60.2144
38000 21.3845 18.1938 19.7064 59.2848
38100 22.2433 18.7815 20.1067 61.1316
38200 21.9674 18.1231 21.1864 61.2769
38300 22.9426 18.2432 20.9264 62.1122
38400 23.0954 18.4909 21.0685 62.6549
38500 23.5253 19.1773 21.1163 63.8189
38600 22.5171 19.4699 20.5622 62.5492
38700 22.8507 19.5401 21.1077 63.4985
38800 23.1204 19.5497 21.4442 64.1144
38900 23.7591 18.9441 21.0991 63.8023
39000 23.6027 18.4195 20.9337 62.9559
39100 22.7592 18.9261 21.8301 63.5154
39200 22.6898 18.3507 21.1764 62.217
39300 23.3616 18.3929 21.7362 63.4907
39400 23.0457 18.8126 21.159 63.0173
39500 23.4562 18.8224 20.7613 63.0398
39600 23.1868 18.0131 21.5968 62.7967
39700 22.5344 18.543 21.0057 62.0831
39800 22.4837 18.0921 20.3112 60.887
39900 23.4708 18.3876 20.8538 62.7122
40000 23.0025 18.6313 21.2001 62.834
40100 23.195 19.1376 20.3944 62.727
40200 23.5178 17.8725 21.4349 62.8251
40300 23.874 19.4481 20.87 64.1921
40400 23.3069 19.3427 20.8135 63.4631
40500 23.7071 19.8691 20.8051 64.3813
40600 22.8191 19.917 20.1984 62.9345
40700 23.0181 19.8689 20.3841 63.2711
40800 23.1565 19.6232 19.9261 62.7058
40900 23.4314 20.1479 20.284 63.8633
41000 23.8326 19.0058 20.6784 63.5168
41100 23.1522 20.2421 20.1188 63.5131
41200 23.2508 20.3431 20.3218 63.9157
41300 22.7254 20.5148 20.4294 63.6696
41400 22.9925 20.2049 21.0827 64.2801
41500 23.0551 20.4136 20.5572 64.0258
41600 23.2903 20.112 20.7768 64.1791
41700 23.5928 20.7043 20.81 65.1071
41800 23.9594 19.8118 20.4903 64.2616
41900 23.3074 19.6882 20.3361 63.3317
42000 24.0499 20.147 20.3985 64.5954
42100 23.6491 19.9346 21.0793 64.6631
42200 23.6984 20.1244 20.9385 64.7613
42300 23.9472 19.3178 20.6066 63.8715
42400 24.0767 19.981 20.5072 64.565
42500 24.4446 20.502 20.104 65.0507
42600 23.4238 21.6357 20.8733 65.9328
42700 23.2427 21.5718 21.0488 65.8633
42800 23.914 21.3444 20.3042 65.5626
42900 24.1003 21.4259 20.7309 66.2571
43000 24.737 21.6823 20.9032 67.3225
43100 24.2535 21.5877 21.3777 67.219
43200 24.2833 21.6016 20.8725 66.7575
43300 24.1825 22.2085 20.9173 67.3083
43400 24.081 22.3876 21.3938 67.8624
43500 24.5976 21.9038 20.822 67.3233
43600 24.6033 22.3913 20.7418 67.7364
43700 23.7073 22.9707 21.2455 67.9235
43800 23.8564 22.0594 21.1594 67.0752
43900 24.236 22.1698 22.1755 68.5813
44000 25.2171 22.455 21.3852 69.0573
44100 24.8804 22.7048 21.3043 68.8896
44200 24.853 22.0261 21.8798 68.7588
44300 24.6703 22.7473 21.6782 69.0959
44400 23.9719 22.2223 22.4064 68.6007
44500 24.4759 22.4305 22.0585 68.9649
44600 24.0737 22.0971 22.2624 68.4331
44700 24.6791 22.2329 22.0117 68.9238
44800 25.2477 21.0908 21.8157 68.1541
44900 24.6235 21.6724 22.5514 68.8473
45000 25.0191 21.7766 22.0008 68.7966
45100 24.9541 21.7394 22.3934 69.087
45200 24.83 21.9452 22.409 69.1842
45300 25.5813 21.9782 21.8954 69.4549
45400 25.5419 21.3507 21.6499 68.5425
45500 25.54 22.1713 21.9549 69.6661
45600 24.9843 22.1241 21.4943 68.6026
45700 24.7305 21.8141 21.1157 67.6604
45800 24.8246 22.6126 21.7601 69.1973
45900 24.8786 23.1687 21.3667 69.414
46000 24.8329 22.9686 21.7803 69.5818
46100 25.0038 23.3034 22.1741 70.4813
46200 24.9564 22.8781 21.829 69.6635
46300 25.5847 23.4298 22.2658 71.2803
46400 25.7743 23.3856 22.1308 71.2908
46500 25.8428 23.3403 21.0213 70.2044
46600 26.6881 23.4431 22.3026 72.4338
46700 26.4171 23.1882 21.7267 71.332
46800 25.8694 23.9785 21.8861 71.7339
46900 25.6254 23.2474 21.7929 70.6656
47000 25.5232 23.9361 21.8236 71.2829
47100 25.6649 23.682 22.2581 71.605
47200 26.251 23.7121 22.8142 72.7773
47300 26.8356 23.6159 22.2901 72.7415
47400 26.4271 23.4447 23.4538 73.3256
47500 26.1559 23.6083 23.2291 72.9933
47600 26.4498 23.0355 22.5934 72.0787
47700 25.7856 22.4623 23.0384 71.2863
47800 26.0351 22.9992 22.3479 71.3823
47900 26.086 23.356 22.6916 72.1336
48000 25.9236 22.2229 23.6273 71.7737
48100 26.6743 22.8226 23.5696 73.0665
48200 27.0237 23.7436 23.5044 74.2718
48300 27.2138 23.1214 24.5354 74.8706
48400 26.5168 23.2787 24.7564 74.5519
48500 27.619 23.7922 25.2767 76.6878
48600 26.9773 24.0755 25.5489 76.6017
48700 26.6701 24.0502 25.4297 76.15
48800 26.7404 24.7958 25.929 77.4652
48900 26.3333 24.9589 26.1357 77.428
49000 26.3026 25.3751 26.2769 77.9546
49100 26.5051 24.7626 26.7222 77.9899
49200 26.6656 25.549 26.5259 78.7405
49300 26.3252 25.2404 25.9002 77.4658
49400 27.115 25.3166 26.2608 78.6923
49500 27.1428 25.1506 25.7847 78.078
49600 26.6429 25.4241 26.4383 78.5052
49700 25.6395 25.3889 26.3551 77.3835
49800 25.5389 24.906 26.8453 77.2903
49900 25.7698 25.6109 26.5119 77.8926
50000 26.1206 25.612 26.7578 78.4904
50100 25.9698 25.9508 26.3407 78.2614
50200 27.4459 26.1842 26.215 79.845
50300 27.0693 25.9908 26.6724 79.7325
50400 26.763 25.8146 27.1836 79.7611
50500 26.1588 25.9466 26.8418 78.9472
50600 26.3529 26.5249 26.7483 79.6261
50700 26.7616 27.4651 26.6741 80.9007
50800 26.4226 27.2211 26.7605 80.4042
50900 26.4571 27.5414 27.3003 81.2988
51000 26.4254 27.1343 27.2206 80.7803
51100 26.811 26.5378 26.9149 80.2637
51200 27.3857 26.9286 27.5568 81.8712
51300 26.6478 26.6517 27.5928 80.8923
51400 27.4425 26.6978 27.159 81.2993
51500 26.848 26.1409 27.1687 80.1576
51600 26.9324 25.9586 27.7279 80.619
51700 28.6546 26.8041 27.1919 82.6506
51800 30.1069 28.4261 27.504 86.0369
51900 28.9156 28.4078 27.8778 85.2012
52000 30.3948 29.4321 26.6314 86.4584
52100 28.8179 29.0083 26.0913 83.9176
52200 30.3256 28.4546 26.4837 85.2639
52300 29.9444 28.82 26.7676 85.5319
52400 30.1853 28.3998 27.4347 86.0197
52500 29.7066 29.2629 26.9741 85.9435
52600 29.6897 29.1755 27.6954 86.5606
52700 30.0608 29.454 28.2454 87.7603
52800 30.0099 29.6065 28.197 87.8134
52900 29.5734 30.0149 28.3163 87.9047
53000 29.5289 29.9824 28.0692 87.5804
53100 28.7605 30.8217 28.8858 88.468
53200 29.0162 30.7225 28.2532 87.9919
53300 29.5703 30.584 29.2185 89.3728
53400 29.577 30.0886 28.9806 88.6462
53500 29.4015 30.919 28.7795 89.1
53600 29.7844 30.2815 28.81 88.8759
53700 29.6007 30.7488 29.4466 89.796
53800 29.5806 31.3364 29.7972 90.7142
53900 29.3405 30.4937 29.5349 89.3691
54000 29.0492 31.4474 29.4309 89.9276
54100 28.9273 31.2823 29.6561 89.8657
54200 29.0095 31.3471 28.9383 89.2949
54300 29.9509 30.8924 28.9452 89.7885
54400 30.3524 31.7198 29.0455 91.1177
54500 30.3743 31.4948 28.501 90.3701
54600 30.1821 31.7549 27.884 89.821
54700 30.6467 31.2275 28.0791 89.9533
54800 30.4501 32.4084 28.2511 91.1096
54900 30.2677 31.7437 28.2465 90.258
55000 30.4024 31.8702 28.7014 90.974
55100 30.2481 32.5979 28.2893 91.1352
55200 29.5953 31.635 29.1865 90.4169
55300 30.261 31.4369 29.358 91.0559
55400 30.8619 31.1719 30.27 92.3039
55500 30.1106 31.4551 30.179 91.7447
55600 30.5839 31.7648 29.513 91.8617
55700 31.099 31.1877 29.8857 92.1724
55800 30.8238 31.4135 30.8088 93.0461
55900 31.3909 32.4812 29.7888 93.6609
56000 31.1395 32.6601 30.1914 93.991
56100 31.401 33.5994 31.4705 96.471
56200 31.5405 33.2414 31.9783 96.7602
56300 31.1445 33.5855 32.2095 96.9395
56400 32.0268 33.2658 31.9733 97.2659
56500 31.7033 33.8712 32.5573 98.1318
56600 31.5814 33.9858 32.1094 97.6766
56700 31.8993 33.7959 32.3002 97.9953
56800 32.4971 33.9529 32.5649 99.0149
56900 32.1318 32.889 32.7021 97.723
57000 31.1413 33.6672 32.1736 96.9821
57100 31.4835 33.3954 31.3492 96.2281
57200 30.3349 34.6005 32.4652 97.4006
57300 30.7581 33.3127 31.2588 95.3295
57400 31.706 33.63 31.8085 97.1445
57500 31.6072 34.3692 31.7044 97.6807
57600 31.3768 34.2776 32.0291 97.6834
57700 31.9838 34.6436 32.1693 98.7967
57800 31.9179 33.8399 32.458 98.2157
57900 31.2864 33.6497 31.926 96.8621
58000 31.6649 34.5891 32.7533 99.0072
58100 31.6303 34.8433 32.4016 98.8752
58200 31.9653 33.5273 32.7613 98.2539
58300 31.4105 33.7734 33.4394 98.6233
58400 31.7666 33.5648 33.3254 98.6568
58500 31.9804 34.5334 33.0376 99.5514
58600 32.3363 34.2269 33.072 99.6353
58700 32.0195 35.9554 33.261 101.236
58800 32.6091 35.5334 33.6037 101.746
58900 33.2139 35.1601 33.7394 102.113
59000 32.9899 34.4413 33.9256 101.357
59100 32.2725 34.7611 35.1611 102.195
59200 32.5254 35.0891 34.663 102.278
59300 33.1233 34.7403 34.8477 102.711
59400 32.3745 35.125 34.1284 101.628
59500 32.103 34.6935 34.7661 101.563
59600 33.4754 34.9042 34.4275 102.807
59700 33.0655 35.0529 34.225 102.343
59800 32.9855 35.5646 34.3076 102.858
59900 31.6404 34.9832 34.5119 101.135
60000 32.8165 35.6303 33.9703 102.417
60100 31.8977 35.9355 34.2215 102.055
60200 32.3225 34.3083 34.4552 101.086
60300 32.1989 35.9516 34.366 102.516
60400 32.8733 35.7341 34.9088 103.516
60500 31.9557 35.7859 34.324 102.066
60600 31.7658 34.4801 33.9943 100.24
60700 33.2187 34.7422 33.7456 101.706
60800 31.8169 35.5566 32.872 100.246
60900 31.9063 35.404 33.8429 101.153
61000 32.5519 35.3117 33.7596 101.623
61100 31.5345 34.7406 33.5309 99.806
61200 32.8767 35.5402 33.5071 101.924
61300 33.3845 34.7784 34.3812 102.544
61400 33.6029 36.3574 33.9066 103.867
61500 32.9 34.4777 34.0216 101.399
61600 32.3851 35.3331 34.4563 102.175
61700 33.3657 34.7232 34.2408 102.33
61800 33.7501 36.3518 33.8667 103.969
61900 32.6778 36.9149 33.9263 103.519
62000 33.1062 36.6008 34.9986 104.706
62100 32.8033 38.0276 35.2573 106.088
62200 34.0778 38.0085 35.2841 107.37
62300 33.8249 36.6281 35.1673 105.62
62400 34.6987 36.1576 35.015 105.871
62500 34.3637 37.386 34.0719 105.822
62600 34.18 35.5277 34.6591 104.367
62700 34.4756 35.5249 34.968 104.968
62800 33.3027 36.1713 35.8418 105.316
62900 33.5681 38.039 34.8858 106.493
63000 33.7924 36.8943 35.1682 105.855
63100 33.3002 37.0143 34.4882 104.803
63200 33.9791 37.6298 34.9341 106.543
63300 34.0237 38.1541 34.7369 106.915
63400 33.8318 37.9891 33.6232 105.444
63500 33.4429 37.0459 33.8437 104.333
63600 33.3593 38.0902 33.9057 105.355
63700 34.1759 36.7912 33.8468 104.814
63800 33.4616 37.0128 33.4581 103.933
63900 34.0466 37.6775 33.4339 105.158
64000 33.3177 38.7566 33.2157 105.29
64100 34.3941 37.4697 33.0223 104.886
64200 33.7911 38.2621 33.2188 105.272
64300 33.6891 38.6238 33.4854 105.798
64400 33.6322 39.3849 34.2752 107.292
64500 34.3015 39.5165 33.6702 107.488
64600 33.6712 40.157 34.2578 108.086
64700 33.6269 38.8842 34.2467 106.758
64800 34.7478 39.3619 33.3008 107.41
64900 33.985 40.4219 33.4288 107.836
65000 34.011 40.9622 32.9534 107.927
65100 34.1066 40.5578 33.6381 108.303
65200 33.7828 41.2536 33.9985 109.035
65300 33.973 41.8804 33.2517 109.105
65400 34.5338 41.8738 34.2851 110.693
65500 33.8815 41.5496 34.6318 110.063
65600 33.9655 42.6221 35.0557 111.643
65700 33.5788 41.991 34.7075 110.277
65800 33.8268 41.8043 34.0002 109.631
65900 34.2013 42.0376 33.6716 109.911
66000 34.1866 42.5125 32.9827 109.682
66100 33.7471 41.9734 33.0818 108.802
66200 32.8611 41.7103 33.7195 108.291
66300 33.0403 42.5958 32.9054 108.541
66400 33.1871 43.3219 33.7612 110.27
66500 33.314 42.6457 32.8586 108.818
66600 33.8583 42.7502 34.3298 110.938
66700 33.7378 41.8774 33.8492 109.464
66800 33.643 42.2229 33.3653 109.231
66900 32.9515 41.7185 34.8851 109.555
67000 33.0331 41.5435 32.8183 107.395
67100 32.8598 41.199 32.6263 106.685
67200 32.5032 41.7001 33.2809 107.484
67300 32.9439 41.7976 33.5492 108.291
67400 32.1848 41.3466 33.0833 106.615
67500 32.8407 40.9675 33.0608 106.869
67600 32.6503 41.5581 33.3157 107.524
67700 32.7684 40.7783 34.4056 107.952
67800 32.7362 41.1358 34.6239 108.496
67900 31.7499 41.187 35.7104 108.647
68000 33.2392 40.5956 34.4375 108.272
68100 33.6471 40.7526 34.9027 109.302
68200 33.2956 40.2727 34.4658 108.034
68300 32.6214 41.7131 35.1746 109.509
68400 32.753 41.1369 35.5489 109.439
68500 32.6717 40.4117 36.5993 109.683
68600 33.754 40.5291 35.4736 109.757
68700 33.2823 40.4276 35.5814 109.291
68800 31.962 40.2213 36.5486 108.732
68900 33.2195 41.3506 36.6383 111.208
69000 32.632 41.6049 35.1124 109.349
69100 33.4423 41.8227 36.3648 111.63
69200 33.5685 41.2939 36.3061 111.168
69300 32.9472 42.1401 35.6845 110.772
69400 32.4701 42.1058 35.769 110.345
69500 32.8189 41.2096 36.6878 110.716
69600 32.7038 40.6588 36.6634 110.026
69700 32.6338 40.3614 37.648 110.643
69800 32.2186 41.1826 36.9493 110.35
69900 32.2738 40.7917 37.6288 110.694
70000 32.1999 41.6539 37.2619 111.116
70100 32.6224 41.1979 36.5619 110.382
70200 33.3503 41.1689 36.3862 110.905
70300 33.9931 41.7844 36.4619 112.239
70400 33.6145 41.2936 36.641 111.549
70500 33.7832 41.6337 36.4096 111.827
70600 33.8288 41.3155 35.712 110.856
70700 34.5701 41.3666 35.8844 111.821
70800 35.2597 41.813 34.8283 111.901
70900 35.6364 41.6497 35.3536 112.64
71000 34.8182 41.8969 35.587 112.302
71100 33.9574 41.9507 34.5801 110.488
71200 35.0363 41.6623 35.7195 112.418
71300 34.2284 41.5661 35.7351 111.53
71400 33.2286 40.4619 35.8099 109.5
71500 34.2295 40.9587 37.5003 112.688
71600 34.8718 40.869 36.7364 112.477
71700 34.3632 41.3667 36.4389 112.169
71800 33.8024 40.6974 36.2366 110.736
71900 33.9093 41.889 37.8215 113.62
72000 34.2259 41.4248 37.1512 112.802
72100 34.7626 40.9084 36.6736 112.345
72200 34.2713 40.5912 36.9902 111.853
72300 33.8903 40.5546 36.774 111.219
72400 34.7777 40.1744 37.2297 112.182
72500 34.7188 41.1759 37.3995 113.294
72600 35.4959 39.9668 37.7058 113.169
72700 34.5541 40.6364 36.4818 111.672
72800 34.8497 40.6999 37.7882 113.338
72900 34.6176 40.9019 37.362 112.882
73000 34.4341 41.5248 37.0512 113.01
73100 34.5047 40.8321 38.1854 113.522
73200 34.6149 40.7857 37.3894 112.79
73300 35.1008 39.7861 35.9406 110.827
73400 36.0183 40.3588 36.4629 112.84
73500 35.6688 40.6378 37.7061 114.013
73600 35.6965 39.5927 37.0669 112.356
73700 35.9802 40.6591 37.0287 113.668
73800 34.3533 41.5558 38.3415 114.25
73900 34.9886 41.7072 39.8432 116.539
74000 34.2774 41.4497 38.7841 114.511
74100 34.6077 41.7737 38.1359 114.517
74200 34.717 40.7871 37.827 113.331
74300 35.4278 40.1578 38.0211 113.607
74400 35.0192 40.6897 37.8886 113.598
74500 34.5535 40.465 37.8375 112.856
74600 34.7597 40.5374 37.3283 112.625
74700 36.2537 40.4889 37.8985 114.641
74800 36.7111 40.2033 38.5199 115.434
74900 35.3774 40.1626 37.7681 113.308
75000 35.7388 40.3152 38.9635 115.017
75100 35.6374 40.1843 39.6365 115.458
75200 35.4725 39.6926 40.3338 115.499
75300 34.9024 40.4635 40.4071 115.773
75400 34.4153 39.9823 38.9886 113.386
75500 35.0577 39.26 39.4367 113.754
75600 34.7615 39.5534 40.3573 114.672
75700 35.8435 40.3936 40.0752 116.312
75800 35.9595 40.8442 39.3984 116.202
75900 35.1639 40.5311 39.1211 114.816
76000 36.3651 41.2641 38.9627 116.592
76100 36.9471 40.4324 39.3174 116.697
76200 36.1978 41.231 41.3066 118.735
76300 37.0644 40.9445 40.4119 118.421
76400 37.1282 41.0972 40.1467 118.372
76500 36.8128 42.6156 39.9198 119.348
76600 37.1398 41.1609 40.8792 119.18
76700 37.3455 41.8076 39.4031 118.556
76800 37.5382 41.457 39.9587 118.954
76900 37.6053 41.8196 40.0901 119.515
77000 36.908 41.1709 40.6713 118.75
77100 36.6861 41.294 41.0966 119.077
77200 37.5948 40.2091 40.359 118.163
77300 37.6734 40.3325 41.2499 119.256
77400 37.7123 41.0717 40.6996 119.484
77500 37.1571 41.5635 40.5603 119.281
77600 38.4664 42.5269 40.7739 121.767
77700 36.8149 42.4585 40.2752 119.549
77800 36.9135 42.8349 40.1835 119.932
77900 37.242 41.6243 40.2864 119.153
78000 37.1518 42.8064 39.6584 119.617
78100 36.9433 43.4062 40.3983 120.748
78200 36.4102 41.7615 40.7033 118.875
78300 35.9825 42.2112 40.3115 118.505
78400 36.1083 41.3604 39.2827 116.751
78500 37.1718 40.8733 39.5236 117.569
78600 38.326 40.5393 39.0921 117.957
78700 38.0659 40.7717 40.2789 119.117
78800 39.546 41.1421 41.0792 121.767
78900 39.2665 41.3209 41.8367 122.424
79000 38.3131 40.3551 40.9262 119.594
79100 37.9319 40.0619 39.8574 117.851
79200 38.1884 39.8858 40.1119 118.186
79300 37.9209 41.1583 40.5413 119.62
79400 37.0678 40.7289 40.0825 117.879
79500 37.0667 39.7452 40.2703 117.082
79600 37.4249 40.056 40.1349 117.616
79700 37.7632 40.0081 40.0557 117.827
79800 38.3807 40.6705 40.4368 119.488
79900 38.7726 42.0542 39.658 120.485
80000 39.9489 40.2861 40.5202 120.755
80100 38.9569 39.4588 40.4169 118.832
80200 38.7858 38.6509 40.8594 118.296
80300 38.4364 39.327 39.9908 117.754
80400 38.1529 40.0137 39.9956 118.162
80500 39.1345 38.276 40.4493 117.86
80600 39.3943 38.9252 40.7949 119.114
80700 39.5696 39.695 40.7562 120.021
80800 39.1765 40.8459 40.4852 120.508
80900 40.264 40.4271 40.868 121.559
81000 41.007 41.8357 40.0947 122.937
81100 40.4678 41.5872 40.2501 122.305
81200 40.6633 43.1432 39.1095 122.916
81300 42.0053 41.9625 39.786 123.754
81400 41.1581 42.3573 39.0931 122.609
81500 41.2239 41.5943 38.9284 121.747
81600 41.5562 41.5057 38.7376 121.8
81700 42.4611 42.1303 39.9695 124.561
81800 41.8409 42.4762 39.6418 123.959
81900 42.3116 41.9892 40.2378 124.539
82000 41.9475 42.8042 38.8388 123.591
82100 41.417 42.5327 39.1312 123.081
82200 39.8813 42.2408 39.2762 121.398
82300 39.9877 42.1063 39.1662 121.26
82400 39.7622 43.5959 39.6368 122.995
82500 41.1269 43.1391 39.996 124.262
82600 41.1413 43.3067 40.2178 124.666
82700 41.6729 42.7474 40.563 124.983
82800 41.3578 42.5551 40.947 124.86
82900 40.444 43.1275 39.8172 123.389
83000 41.1843 43.6812 40.3259 125.191
83100 40.8188 43.7064 40.429 124.954
83200 40.1596 43.7975 40.4894 124.447
83300 41.0776 44.0803 40.9003 126.058
83400 40.398 43.4266 40.0905 123.915
83500 41.1232 44.3154 40.4986 125.937
83600 41.4942 43.1349 38.4992 123.128
83700 41.1272 43.9155 39.9887 125.031
83800 42.0255 44.6582 41.5775 128.261
83900 41.8476 44.9461 40.9068 127.701
84000 41.9674 44.3894 39.7361 126.093
84100 42.1894 44.8742 38.7142 125.778
84200 41.7162 44.3543 40.0288 126.099
84300 40.8272 45.4109 38.5647 124.803
84400 41.3672 45.358 39.8284 126.554
84500 41.977 45.4193 39.4021 126.798
84600 42.112 44.1117 39.5947 125.818
84700 41.1454 44.5723 40.2705 125.988
84800 42.7218 44.376 39.6654 126.763
84900 43.0532 44.0162 40.4778 127.547
85000 43.8705 44.7078 39.7592 128.337
85100 42.9099 43.6487 38.7635 125.322
85200 43.7412 43.065 37.693 124.499
85300 43.1346 45.0263 39.4683 127.629
85400 42.487 44.5312 40.1116 127.13
85500 42.6845 44.629 40.1471 127.461
85600 42.4169 44.2979 40.3475 127.062
85700 42.4485 44.4818 40.827 127.757
85800 41.7992 44.9603 40.7113 127.471
85900 43.0858 44.6978 40.1489 127.932
86000 41.9548 43.641 40.0775 125.673
86100 42.096 44.9117 40.5098 127.518
86200 42.2436 45.1441 40.7735 128.161
86300 42.6886 44.5598 40.7273 127.976
86400 42.3227 44.9265 41.2735 128.523
86500 42.4067 45.0269 40.1757 127.609
86600 42.8567 45.3458 41.3239 129.526
86700 41.9519 43.6376 41.2875 126.877
86800 43.2782 44.4986 41.5989 129.376
86900 42.1998 45.1124 42.5391 129.851
87000 43.0445 43.9369 40.556 127.537
87100 42.9495 45.0413 41.9367 129.927
87200 43.2493 45.1366 41.8257 130.212
87300 43.3839 44.4405 41.9772 129.802
87400 42.7962 44.1577 41.195 128.149
87500 42.3355 43.4019 41.1292 126.867
87600 43.0391 44.4617 40.6264 128.127
87700 43.0847 45.1122 41.0186 129.215
87800 43.5458 44.2046 41.0948 128.845
87900 42.2577 44.62 41.8238 128.702
88000 42.8386 43.7645 41.8286 128.432
88100 43.0305 43.5799 42.2817 128.892
88200 42.1276 44.0255 42.1843 128.337
88300 43.4371 44.4214 41.6085 129.467
88400 42.1685 43.3279 42.0471 127.544
88500 42.5744 43.379 41.4535 127.407
88600 43.6871 44.156 41.4631 129.306
88700 42.5124 44.0377 41.9814 128.531
88800 43.1449 43.3886 41.9871 128.521
88900 43.7589 44.4277 41.7399 129.927
89000 43.8213 43.8613 42.2103 129.893
89100 42.2527 42.9398 41.9815 127.174
89200 42.9281 43.3404 42.7708 129.039
89300 42.9939 43.479 42.381 128.854
89400 44.4807 43.1897 42.0825 129.753
89500 43.8526 42.7791 41.1491 127.781
89600 44.5178 42.9597 41.0184 128.496
89700 44.8116 42.7808 41.0492 128.642
89800 45.4561 42.9391 41.4664 129.862
89900 45.556 43.3772 42.5148 131.448
90000 46.0383 42.5576 41.6926 130.289
90100 44.7968 43.0987 43.0393 130.935
90200 46.0447 42.8939 44.4015 133.34
90300 45.8551 43.3987 44.7551 134.009
90400 46.3092 42.9607 43.4751 132.745
90500 46.8385 43.3556 44.708 134.902
90600 45.2793 43.9989 44.0144 133.293
90700 45.6044 44.0523 43.3803 133.037
90800 44.6942 43.877 43.3501 131.921
90900 46.2179 43.7159 43.2302 133.164
91000 45.5817 44.3498 45.2524 135.184
91100 45.7089 45.0492 44.6419 135.4
91200 44.336 44.1396 45.7492 134.225
91300 44.1963 44.5501 44.9045 133.651
91400 44.3141 43.9258 46.0363 134.276
91500 45.0863 43.7837 44.8579 133.728
91600 44.8999 44.7395 45.2463 134.886
91700 44.256 43.6504 45.2452 133.152
91800 45.9395 44.3318 46.0763 136.348
91900 46.3789 45.0129 47.4675 138.859
92000 45.2661 44.6585 45.9263 135.851
92100 44.3874 43.3791 45.8614 133.628
92200 45.7206 44.7467 45.776 136.243
92300 45.5594 43.9411 45.9786 135.479
92400 44.9903 44.2789 46.1956 135.465
92500 45.0591 44.4676 45.082 134.609
92600 45.3271 45.2936 46.5158 137.137
92700 46.6004 44.2061 45.984 136.79
92800 45.303 42.9028 45.7754 133.981
92900 45.072 41.936 45.4443 132.452
93000 46.5133 42.6407 47.569 136.723
93100 46.1661 43.2018 47.754 137.122
93200 46.2069 43.6139 47.43 137.251
93300 46.5793 44.0563 49.2846 139.92
93400 46.5965 43.745 47.8878 138.229
93500 46.2385 43.693 48.0937 138.025
93600 46.272 44.5184 47.2036 137.994
93700 46.1906 43.528 47.3803 137.099
93800 45.9282 43.1794 47.9835 137.091
93900 45.1545 43.7941 46.9315 135.88
94000 45.5738 43.7946 47.6771 137.045
94100 45.9055 44.2123 47.7128 137.831
94200 45.5582 43.6114 47.0733 136.243
94300 46.0491 44.7699 46.7612 137.58
94400 46.7338 43.5191 46.6952 136.948
94500 46.172 43.6973 48.9952 138.865
94600 45.7668 43.8868 46.899 136.553
94700 45.9274 44.4377 48.4759 138.841
94800 43.955 44.483 48.0025 136.441
94900 44.4971 43.6702 48.4583 136.626
95000 44.2583 44.0354 48.092 136.386
95100 44.436 43.6729 49.0597 137.169
95200 46.134 44.3287 49.3984 139.861
95300 45.5421 44.027 48.7567 138.326
95400 45.2241 44.8717 48.9442 139.04
95500 44.447 45.3578 48.0208 137.826
95600 43.6313 45.2522 49.4594 138.343
95700 42.9833 44.7265 49.4076 137.117
95800 43.3959 44.7772 49.8908 138.064
95900 42.6472 44.1743 49.767 136.588
96000 43.7004 44.0337 49.9415 137.676
96100 44.0843 43.9899 50.4115 138.486
96200 44.1257 44.2549 49.8018 138.182
96300 43.4948 44.5502 49.8721 137.917
96400 42.824 45.8884 49.3748 138.087
96500 44.2517 46.3506 49.466 140.068
96600 43.5904 46.1565 49.4653 139.212
96700 43.8617 45.4531 49.159 138.474
96800 44.3814 45.6604 49.2591 139.301
96900 44.3138 45.7488 48.1981 138.261
97000 44.7293 45.9759 48.8642 139.569
97100 46.1393 47.3479 49.7739 143.261
97200 47.3716 47.9823 49.6693 145.023
97300 46.082 47.7224 48.9596 142.764
97400 46.494 47.7333 48.1219 142.349
97500 47.1831 48.8796 47.6483 143.711
97600 48.1597 50.1842 48.8212 147.165
97700 47.3129 49.9112 48.7352 145.959
97800 46.1119 49.645 48.0828 143.84
97900 46.8321 49.8713 48.6272 145.331
98000 46.8184 50.8847 50.296 147.999
98100 45.4208 49.0806 49.7563 144.258
98200 46.2771 49.4841 49.515 145.276
98300 46.3125 49.7193 50.019 146.051
98400 46.5656 50.6334 49.8652 147.064
98500 46.5418 49.8929 49.7244 146.159
98600 46.6992 50.8129 50.9005 148.413
98700 45.9241 50.7571 50.5904 147.272
98800 45.9707 51.0648 50.4586 147.494
98900 45.9313 51.7558 50.966 148.653
99000 47.2364 51.6965 50.9868 149.92
99100 45.3331 51.4467 51.5488 148.329
99200 45.592 49.8478 51.5954 147.035
99300 45.0542 52.2557 51.3545 148.664
99400 45.6642 51.4989 50.7071 147.87
99500 44.8195 51.8911 51.0687 147.779
99600 45.4159 51.5519 52.2346 149.202
99700 45.1625 51.3598 51.2054 147.728
99800 44.8078 51.983 51.7029 148.494
99900 45.6913 51.9135 50.5901 148.195
100000 45.4709 52.6306 52.1895 150.291
100100 45.4402 52.0307 52.2591 149.73
100200 46.2051 52.1818 51.1248 149.512
100300 46.0916 51.8808 50.4714 148.444
100400 45.9291 53.0851 50.4698 149.484
100500 45.3112 51.9208 50.3638 147.596
100600 45.6226 51.6061 51.4896 148.718
100700 46.2461 52.7952 51.3364 150.378
100800 44.9211 53.9723 51.2495 150.143
100900 44.4805 54.7644 51.149 150.394
101000 45.6719 53.3988 49.996 149.067
101100 45.2032 53.7464 49.7858 148.735
101200 45.7402 54.0987 50.7079 150.547
101300 46.3337 53.0657 50.6725 150.072
101400 46.0278 51.7531 50.992 148.773
101500 45.3155 53.9802 51.0343 150.33
101600 45.1592 53.5797 51.2281 149.967
101700 46.6578 53.4074 49.5989 149.664
101800 46.5366 54.0348 49.9468 150.518
101900 46.0443 54.9522 50.4776 151.474
102000 46.0011 53.9914 49.6802 149.673
102100 46.4021 53.1611 50.5602 150.123
102200 45.7658 53.3037 50.0399 149.109
102300 46.6906 53.1433 50.2727 150.107
102400 45.5578 53.741 49.9956 149.294
102500 46.6082 53.7273 50.4214 150.757
102600 46.6045 53.9721 50.5256 151.102
102700 46.2112 53.0171 50.0694 149.298
102800 46.4278 53.1223 48.9343 148.484
102900 46.966 51.8171 49.7614 148.544
103000 45.1636 52.856 49.8026 147.822
103100 44.9132 52.7568 49.8826 147.553
103200 44.7764 53.2291 50.2575 148.263
103300 45.449 52.5749 48.8074 146.831
103400 46.0906 52.9842 49.276 148.351
103500 46.5215 53.6605 48.2886 148.471
103600 47.3474 51.8924 48.2197 147.459
103700 47.3313 52.5935 50.4741 150.399
103800 46.7936 53.6538 50.1834 150.631
103900 46.9294 53.6656 49.5431 150.138
104000 46.5742 53.6736 48.9194 149.167
104100 46.4886 54.4419 49.1072 150.038
104200 46.6313 54.3365 49.6525 150.62
104300 45.3017 54.643 49.3807 149.325
104400 45.2439 54.3535 49.7219 149.319
104500 45.3149 55.0286 49.9655 150.309
104600 46.7121 55.0533 49.1026 150.868
104700 46.4048 53.3247 49.8868 149.616
104800 46.2957 53.3286 50.0151 149.639
104900 46.4764 52.7736 48.8235 148.073
105000 46.3354 53.5736 49.04 148.949
105100 48.1794 53.8264 49.1397 151.145
105200 46.7716 54.2988 49.6345 150.705
105300 47.8675 54.4364 48.7305 151.034
105400 46.7889 53.4724 49.0428 149.304
105500 46.4129 53.6833 49.9407 150.037
105600 46.805 54.3929 48.8538 150.052
105700 45.6634 53.9746 49.4824 149.12
105800 46.892 54.7069 49.881 151.48
105900 47.0875 52.8607 49.3538 149.302
106000 46.0308 52.6668 50.2993 148.997
106100 48.2667 53.6436 50.1257 152.036
106200 46.9594 54.092 48.8671 149.919
106300 46.8213 53.3514 49.273 149.446
106400 47.3128 54.3473 49.7379 151.398
106500 47.5969 52.7682 50.5947 150.96
106600 47.7613 52.9118 49.5665 150.24
106700 48.6574 52.8433 49.9876 151.488
106800 47.4185 52.2197 49.9296 149.568
106900 47.9585 52.2108 50.7425 150.912
107000 47.9781 52.9896 49.8377 150.805
107100 47.4447 52.1293 48.528 148.102
107200 47.9459 52.5591 50.279 150.784
107300 48.2102 52.0862 48.9636 149.26
107400 47.2681 52.9461 49.251 149.465
107500 47.8769 52.3831 49.2862 149.546
107600 47.9565 52.9874 49.4178 150.362
107700 48.2364 52.7165 49.4432 150.396
107800 48.1714 51.8788 47.9012 147.951
107900 48.8037 51.7153 48.6809 149.2
108000 48.3412 52.0902 49.1036 149.535
108100 48.2694 53.3586 49.3535 150.982
108200 48.7148 53.522 48.9909 151.228
108300 48.286 53.9149 48.9825 151.183
108400 47.7615 54.8912 50.0299 152.683
108500 48.1326 53.8102 49.2714 151.214
108600 48.477 53.2648 48.9807 150.723
108700 49.8004 53.1106 48.327 151.238
108800 48.9103 53.6369 49.3694 151.917
108900 49.5633 54.1396 49.4767 153.18
109000 48.6797 53.6921 49.1291 151.501
109100 49.1305 53.5383 48.0673 150.736
109200 50.2544 55.2451 48.7904 154.29
109300 49.9418 53.5175 48.5575 152.017
109400 48.7898 55.7588 48.7107 153.259
109500 48.1594 53.8474 48.3965 150.403
109600 50.0967 54.346 49.2541 153.697
109700 50.0487 53.434 48.9991 152.482
109800 47.9119 54.4131 49.6804 152.005
109900 47.8288 53.6232 50.1676 151.62
110000 47.857 53.6754 49.5745 151.107
110100 48.1438 53.6376 48.8053 150.587
110200 48.7297 53.6735 49.9741 152.377
110300 48.5387 53.3995 49.2799 151.218
110400 49.1983 53.86 48.3254 151.384
110500 48.3753 54.4667 49.9763 152.818
110600 48.6822 53.1311 50.4102 152.224
110700 48.2522 53.4217 50.6825 152.357
110800 48.5369 54.1164 50.5403 153.194
110900 47.7402 54.4104 49.9583 152.109
111000 46.1306 53.8584 50.3306 150.32
111100 46.3938 54.2591 50.2195 150.872
111200 48.0946 54.3899 50.6219 153.106
111300 46.9927 54.5913 50.7047 152.289
111400 47.4157 53.4879 49.4883 150.392
111500 48.2607 53.5359 49.7393 151.536
111600 48.2139 53.3858 49.9591 151.559
111700 48.7183 53.8341 47.9028 150.455
111800 47.9676 53.775 48.514 150.257
111900 48.3893 55.245 48.0648 151.699
112000 47.8972 53.6767 50.3202 151.894
112100 47.8461 53.1072 49.5795 150.533
112200 48.1664 54.6596 50.102 152.928
112300 48.2929 53.4696 49.242 151.004
112400 46.9821 54.0041 49.3187 150.305
112500 47.8657 53.4194 49.8757 151.161
112600 47.2164 54.0784 49.6696 150.964
112700 46.996 53.8485 49.7678 150.612
112800 47.4253 55.1616 52.222 154.809
112900 48.2227 55.3399 51.9367 155.499
113000 48.2084 54.534 50.4308 153.173
113100 46.4994 54.0999 50.3098 150.909
113200 47.7312 54.4994 51.2073 153.438
113300 47.4787 54.1881 51.9539 153.621
113400 48.9856 54.9315 50.6557 154.573
113500 49.2794 54.7226 51.0916 155.094
113600 49.3437 53.5454 49.707 152.596
113700 49.9438 53.2831 50.3434 153.57
113800 50.3506 54.2652 50.6075 155.223
113900 49.9696 55.2151 50.6944 155.879
114000 49.7814 55.2668 50.4791 155.527
114100 50.9914 54.7263 49.301 155.019
114200 51.2883 55.1177 50.1208 156.527
114300 51.9726 54.6314 48.7292 155.333
114400 51.6696 55.3733 49.6791 156.722
114500 51.9929 54.7247 49.4999 156.218
114600 51.99 54.7401 48.3278 155.058
114700 50.4369 54.7459 49.7992 154.982
114800 52.3396 55.3873 49.1997 156.927
114900 50.6231 55.949 48.1981 154.77
115000 51.0707 54.7773 51.1382 156.986
115100 51.0978 54.5669 49.7024 155.367
115200 51.7191 54.7166 49.4614 155.897
115300 51.3073 53.8552 48.8635 154.026
115400 50.7766 54.2283 49.9296 154.935
115500 51.7637 53.747 49.8778 155.389
115600 52.2065 54.6625 50.1614 157.03
115700 53.2678 55.2902 51.5876 160.146
115800 52.8923 53.8726 50.2021 156.967
115900 52.7922 55.0407 49.525 157.358
116000 53.1555 55.38 49.7995 158.335
116100 52.8692 54.4628 49.1203 156.452
116200 53.2513 54.4511 50.1529 157.855
116300 55.2566 55.6452 49.7657 160.667
116400 54.4385 54.1157 50.8939 159.448
116500 54.0884 54.2858 51.3543 159.728
116600 55.0246 55.5251 51.3846 161.934
116700 55.7676 54.6879 51.7125 162.168
116800 55.6883 55.516 50.7797 161.984
116900 56.1264 55.6092 49.6865 161.422
117000 55.1143 56.0921 50.3377 161.544
117100 54.7738 56.1083 50.1201 161.002
117200 54.9052 56.0179 51.8943 162.817
117300 56.2007 55.3386 51.4529 162.992
117400 55.4261 55.2753 51.0957 161.797
117500 54.236 55.1641 52.1133 161.513
117600 55.8607 56.6118 52.0401 164.513
117700 55.9811 56.8745 53.7862 166.642
117800 56.7202 56.4196 53.3946 166.534
117900 56.0235 56.6922 53.2476 165.963
118000 56.1184 55.2754 52.7765 164.17
118100 55.4495 54.9082 53.7667 164.124
118200 55.3775 55.3588 52.07 162.806
118300 55.9174 56.4468 51.8084 164.173
118400 57.2158 55.7624 53.4283 166.407
118500 57.3484 55.6457 53.1176 166.112
118600 56.0364 56.7571 53.8655 166.659
118700 56.1087 55.6888 53.5753 165.373
118800 57.3469 55.8537 54.5861 167.787
118900 57.8652 55.9883 54.6078 168.461
119000 56.8178 56.2393 55.4112 168.468
119100 55.6285 56.2603 54.7149 166.604
119200 56.7045 55.693 55.4572 167.855
119300 56.9047 54.9722 54.1539 166.031
119400 56.3231 55.1463 55.2473 166.717
119500 57.8768 55.2291 55.0039 168.11
119600 55.6694 56.5528 54.8795 167.102
119700 56.7813 57.374 54.8256 168.981
119800 57.4558 57.9116 54.2139 169.581
119900 57.7822 57.137 54.1345 169.054
120000 57.6796 57.599 54.0398 169.318
120100 58.3229 57.6423 55.135 171.1
120200 57.4882 57.7536 54.5345 169.776
120300 59.6341 57.1465 53.2339 170.014
120400 58.3767 58.4147 53.0186 169.81
120500 58.4333 58.7638 52.653 169.85
120600 57.7524 58.1501 52.3545 168.257
120700 58.8326 59.5134 51.9672 170.313
120800 57.9637 59.4948 51.0255 168.484
120900 59.7337 58.6976 50.2284 168.66
121000 58.0637 59.2255 49.8139 167.103
121100 57.2797 61.2322 50.8118 169.324
121200 57.8683 60.8073 51.7301 170.406
121300 59.2735 61.2069 50.2308 170.711
121400 58.8102 61.9899 49.2673 170.067
121500 58.906 61.6707 49.5245 170.101
121600 58.1582 62.7809 49.4166 170.356
121700 59.1574 63.1045 48.9847 171.247
121800 60.1308 64.7023 48.551 173.384
121900 59.4444 62.8951 49.8528 172.192
122000 58.7001 60.7323 48.1201 167.553
122100 58.6975 62.1159 48.5835 169.397
122200 58.1777 63.9336 47.7401 169.851
122300 58.2368 63.4736 48.1976 169.908
122400 58.7856 62.8711 47.1705 168.827
122500 58.7815 62.0916 47.7316 168.605
122600 58.6518 61.963 49.132 169.747
122700 58.2266 63.2706 48.272 169.769
122800 58.5941 62.494 46.7266 167.815
122900 58.5711 63.3579 47.0694 168.998
123000 58.7196 63.6261 49.1702 171.516
123100 58.5879 64.1983 48.9476 171.734
123200 58.4477 63.5089 49.648 171.605
123300 59.1564 64.2271 49.5631 172.946
123400 59.0167 63.4659 50.268 172.751
123500 58.2819 63.1919 50.8887 172.362
123600 59.716 62.7069 50.992 173.415
123700 58.769 62.0144 50.7309 171.514
123800 57.721 61.8993 51.8262 171.446
123900 59.0195 61.9311 52.0285 172.979
124000 59.1634 62.5172 51.9685 173.649
124100 59.5085 62.5032 51.5301 173.542
124200 58.6721 61.5601 50.8667 171.099
124300 58.4685 62.1396 50.8109 171.419
124400 59.2991 62.8337 50.1522 172.285
124500 58.5814 62.1845 50.9675 171.733
124600 60.2347 62.0919 51.6864 174.013
124700 58.123 59.7988 51.1006 169.022
124800 58.8803 60.5178 50.546 169.944
124900 59.5915 61.2979 51.242 172.131
125000 59.4195 62.3079 50.247 171.974
125100 58.738 62.1391 50.7633 171.64
125200 58.5361 60.7027 51.5544 170.793
125300 59.9083 63.2344 51.9626 175.105
125400 59.4656 61.8461 51.9735 173.285
125500 59.298 62.7437 51.4949 173.537
125600 60.5946 61.593 52.3737 174.561
125700 61.3284 61.7335 53.494 176.556
125800 61.3105 62.0528 53.7767 177.14
125900 60.8585 61.5314 52.0999 174.49
126000 60.1071 62.429 52.1554 174.692
126100 61.8262 62.1258 52.4113 176.363
126200 58.8237 60.9226 51.5729 171.319
126300 58.1746 62.3191 52.9483 173.442
126400 59.9018 61.5924 53.4598 174.954
126500 59.9943 60.5972 52.8513 173.443
126600 59.4896 60.7362 53.779 174.005
126700 59.5712 61.756 54.1387 175.466
126800 59.1192 60.8896 53.6932 173.702
126900 59.7456 61.7695 52.9655 174.481
127000 61.2447 63.2275 51.7708 176.243
127100 61.2933 63.3206 51.4089 176.023
127200 60.034 63.8128 51.5345 175.381
127300 61.6972 62.5638 51.0815 175.342
127400 60.2782 64.1724 52.0826 176.533
127500 60.5468 62.6386 53.3364 176.522
127600 60.672 62.0085 53.4956 176.176
127700 60.5811 63.1247 53.5207 177.227
127800 61.1527 63.5564 52.7436 177.453
127900 60.6564 62.9495 53.3981 177.004
128000 62.5558 64.1241 53.7712 180.451
128100 62.2592 62.9206 53.3213 178.501
128200 61.5049 65.4949 53.6363 180.636
128300 61.8719 64.352 53.8209 180.045
128400 61.2272 62.6155 52.9556 176.798
128500 61.424 63.1122 53.6348 178.171
128600 62.4647 63.8629 52.3794 178.707
128700 61.4924 62.8703 54.5601 178.923
128800 61.488 64.1172 55.5919 181.197
128900 60.9501 63.0585 55.3063 179.315
129000 59.6285 64.5117 55.2884 179.429
129100 61.5479 63.3252 54.7911 179.664
129200 62.5353 64.9021 54.9627 182.4
129300 61.4564 62.4922 54.1652 178.114
129400 59.6954 64.0468 55.0076 178.75
129500 61.8248 64.0478 54.3686 180.241
129600 62.5156 62.8937 55.0572 180.466
129700 62.0632 63.1017 54.5186 179.683
129800 62.6063 63.5432 53.3253 179.475
129900 62.1368 61.8295 53.0228 176.989
130000 61.1584 61.7079 55.2651 178.131
130100 61.561 63.8703 54.7618 180.193
130200 62.2139 63.5181 54.2872 180.019
130300 62.54 62.9739 54.4957 180.01
130400 62.2195 63.8349 53.638 179.692
130500 60.5614 62.9211 52.8494 176.332
130600 62.3168 63.5578 53.215 179.09
130700 61.8124 62.8287 54.0385 178.68
130800 63.054 63.2704 54.4679 180.792
130900 63.4014 63.5226 54.0016 180.926
131000 62.8192 64.3402 52.9547 180.114
131100 63.2179 63.1281 52.9197 179.266
131200 62.5761 63.4724 52.4364 178.485
131300 63.9207 63.6612 54.9999 182.582
131400 63.6712 63.0148 55.536 182.222
131500 62.0321 63.0923 54.5875 179.712
131600 62.1753 63.9713 53.9179 180.065
131700 63.7252 62.4234 53.1968 179.345
131800 63.9413 62.0592 52.844 178.844
131900 64.7374 60.3902 52.1583 177.286
132000 63.5544 62.5195 53.714 179.788
132100 62.7704 61.0029 52.7267 176.5
132200 64.0185 61.743 51.4555 177.217
132300 63.992 63.1387 52.888 180.019
132400 64.1734 63.8003 53.392 181.366
132500 63.293 62.4014 52.8004 178.495
132600 63.6926 62.9221 52.6496 179.264
132700 65.5418 63.3904 53.6503 182.582
132800 65.3361 62.8836 53.4479 181.668
132900 63.7846 62.9765 54.1328 180.894
133000 63.2559 61.8882 54.3814 179.526
133100 62.494 63.061 54.8776 180.433
133200 63.4112 62.3497 54.3718 180.133
133300 63.5298 62.4335 55.3834 181.347
133400 63.9892 63.7553 54.794 182.538
133500 64.8349 63.3643 54.6506 182.85
133600 63.3411 62.8459 54.1881 180.375
133700 63.1193 62.8569 54.8292 180.805
133800 63.7275 61.7493 54.0788 179.556
133900 63.9476 61.469 53.442 178.859
134000 64.7711 61.1276 54.033 179.932
134100 64.1159 60.1003 54.5663 178.783
134200 65.1605 62.0001 54.7631 181.924
134300 63.7341 61.9831 54.6553 180.372
134400 63.8142 62.3153 54.616 180.746
134500 64.9533 62.8121 54.859 182.624
134600 64.9977 61.7747 54.0711 180.844
134700 65.6301 62.2071 53.5286 181.366
134800 65.0791 63.7628 53.6623 182.504
134900 65.3261 64.6456 53.6489 183.621
135000 66.2095 65.1529 54.0775 185.44
135100 65.7605 62.9589 55.6607 184.38
135200 66.1684 64.0745 54.6915 184.934
135300 63.9659 64.1673 54.7502 182.883
135400 64.1315 63.6281 55.8161 183.576
135500 64.3288 63.2881 54.7077 182.325
135600 64.0365 64.2233 55.2069 183.467
135700 64.3779 62.6689 55.7719 182.819
135800 64.4814 63.6491 55.4157 183.546
135900 63.6526 63.9504 55.6479 183.251
136000 63.7171 63.1029 55.6977 182.518
136100 63.7502 62.5129 54.5421 180.805
136200 64.0628 63.7584 54.721 182.542
136300 64.9236 62.3676 54.6652 181.956
136400 66.1336 62.7102 56.3964 185.24
136500 67.007 61.7202 55.1944 183.922
136600 64.6653 61.7419 54.3452 180.752
136700 65.6925 63.0229 55.6544 184.37
136800 64.7012 62.8253 56.3065 183.833
136900 65.8096 63.4936 55.5777 184.881
137000 64.4799 63.5699 54.5672 182.617
137100 65.4818 63.0939 55.2894 183.865
137200 64.3045 62.7393 56.2168 183.261
137300 63.2561 62.32 54.747 180.323
137400 63.7096 63.0902 54.7805 181.58
137500 65.4477 61.5273 54.6738 181.649
137600 64.925 61.7933 55.0845 181.803
137700 64.864 62.0538 55.3488 182.267
137800 66.4655 62.1422 55.2486 183.856
137900 67.0802 62.6836 54.1076 183.871
138000 68.3879 63.5589 53.6656 185.612
138100 68.3725 62.5442 53.9525 184.869
138200 67.8449 61.4389 54.5338 183.818
138300 66.5556 62.6434 55.4923 184.691
138400 68.0206 63.3385 54.7506 186.11
138500 67.373 62.5784 54.648 184.599
138600 66.4758 62.264 54.1043 182.844
138700 67.3887 62.4787 54.2979 184.165
138800 68.3091 62.9104 54.8474 186.067
138900 67.7984 61.871 53.7182 183.388
139000 66.7976 64.4174 55.0439 186.259
139100 64.3893 63.5653 54.2698 182.224
139200 66.4368 62.2795 53.3889 182.105
139300 64.5528 63.0379 55.1172 182.708
139400 66.0918 63.5811 54.2904 183.963
139500 65.9939 63.9214 54.1547 184.07
139600 65.0683 62.9123 53.8028 181.783
139700 63.6713 62.8603 54.1353 180.667
139800 63.745 63.4465 52.9736 180.165
139900 65.0422 63.7724 53.8175 182.632
140000 65.8356 62.544 53.8066 182.186
140100 65.14 62.8852 52.6935 180.719
140200 65.3404 62.4564 54.1638 181.961
140300 64.1803 62.4594 53.2643 179.904
140400 63.2588 63.2875 53.1252 179.672
140500 64.974 63.0716 54.7251 182.771
140600 63.3492 63.6759 53.8452 180.87
140700 63.0521 63.1724 52.9788 179.203
140800 63.1187 63.9442 53.2084 180.271
140900 62.6346 63.1113 52.735 178.481
141000 62.4244 61.7327 52.5865 176.744
141100 63.2802 61.702 52.4801 177.462
141200 62.6185 61.5018 54.119 178.239
141300 63.7221 62.7472 53.8862 180.355
141400 64.063 62.7805 54.5948 181.438
141500 64.2793 63.4933 54.2907 182.063
141600 64.0927 63.3059 53.7998 181.198
141700 64.0094 63.1472 54.7043 181.861
141800 63.3222 62.923 54.6124 180.857
141900 64.4675 63.4151 54.1057 181.988
142000 64.5417 63.3474 54.2072 182.096
142100 64.5522 62.605 54.6918 181.849
142200 63.1447 63.0025 54.8656 181.013
142300 63.6364 62.4768 56.3015 182.415
142400 64.3223 63.2967 54.513 182.132
142500 64.4341 62.4009 54.6017 181.437
142600 64.9034 62.44 56.3999 183.743
142700 66.7014 63.0986 56.1163 185.916
142800 66.2806 63.9635 56.2112 186.455
142900 64.5642 64.0849 55.0823 183.731
143000 64.6711 62.75 56.4952 183.916
143100 66.4428 62.3697 55.715 184.528
143200 66.2653 61.8448 55.5667 183.677
143300 65.1755 62.2428 55.9958 183.414
143400 65.5337 63.5018 57.3886 186.424
143500 64.8352 63.3313 56.0206 184.187
143600 63.6557 63.7149 56.5702 183.941
143700 64.5558 64.056 56.9527 185.565
143800 65.6192 63.723 56.4913 185.834
143900 65.9281 63.6496 55.3692 184.947
144000 65.8912 64.1347 56.2923 186.318
144100 67.612 64.3887 54.6987 186.699
144200 65.2597 63.2255 56.4118 184.897
144300 65.4095 64.8983 54.9702 185.278
144400 66.1306 64.644 56.9771 187.752
144500 65.1923 64.4116 56.9114 186.515
144600 65.855 63.5486 57.1781 186.582
144700 67.2015 65.8682 58.5004 191.57
144800 68.7099 66.2799 58.2056 193.195
144900 66.8924 66.1474 58.802 191.842
145000 65.8865 64.9234 59.8522 190.662
145100 65.9687 64.2813 60.804 191.054
145200 67.1532 64.1252 61.0605 192.339
145300 66.0864 64.4362 60.1519 190.675
145400 65.9187 66.1142 59.6898 191.723
145500 66.3187 64.0106 59.2063 189.536
145600 67.9567 64.7273 60.9997 193.684
145700 67.4949 64.5095 59.1482 191.153
145800 68.2433 63.9692 59.0358 191.248
145900 66.7308 63.4122 61.4187 191.562
146000 65.4916 64.4218 59.1437 189.057
146100 66.0912 64.0538 58.5631 188.708
146200 65.7339 63.8985 58.8323 188.465
146300 65.9386 64.8727 59.3647 190.176
146400 66.8314 63.9623 60.8181 191.612
146500 66.5501 63.2187 60.1096 189.878
146600 66.0188 64.7595 60.4454 191.224
146700 66.3047 64.1738 58.8264 189.305
146800 66.2787 64.4321 59.799 190.51
146900 65.5182 64.7753 59.217 189.51
147000 65.0605 63.6163 60.7999 189.477
147100 66.4477 64.3184 59.8304 190.597
147200 64.9112 63.6629 59.8005 188.375
147300 66.0588 64.0448 59.9115 190.015
147400 66.9771 64.7443 59.8045 191.526
147500 65.3669 64.1341 58.4718 187.973
147600 65.7387 63.0662 59.4751 188.28
147700 66.9683 64.6817 61.2695 192.919
147800 66.5331 64.0344 60.8763 191.444
147900 66.3541 62.7856 60.1864 189.326
148000 67.0593 63.2009 59.7208 189.981
148100 65.7753 63.8013 60.4867 190.063
148200 66.9895 62.2251 61.7532 190.968
148300 67.0018 62.9028 60.0082 189.913
148400 66.2067 61.4265 59.018 186.651
148500 67.397 63.1601 59.3706 189.928
148600 67.2323 63.1292 59.1123 189.474
148700 66.8266 62.7381 59.4649 189.03
148800 65.9913 62.5768 59.2426 187.811
148900 65.7195 61.9352 60.1597 187.814
149000 66.0509 61.7759 60.6488 188.476
149100 66.7665 62.109 58.2797 187.155
149200 66.7462 62.3281 58.2659 187.34
149300 65.1896 62.4989 58.9719 186.66
149400 64.9076 62.4701 59.0123 186.39
149500 63.4011 62.1896 59.5433 185.134
149600 65.213 62.5328 59.1509 186.897
149700 64.103 63.2676 60.001 187.372
149800 63.0544 61.1174 59.6064 183.778
149900 64.3589 61.6886 60.08 186.127
150000 63.9853 61.4976 59.6105 185.093
150100 64.6756 61.6573 58.5463 184.879
150200 65.1824 60.9192 58.3082 184.41
150300 63.8646 62.4418 58.7929 185.099
150400 64.7509 60.5688 58.6872 184.007
150500 65.9728 61.4745 59.0128 186.46
150600 64.904 61.197 59.1736 185.275
150700 64.5869 61.6613 57.4987 183.747
150800 64.4719 60.8435 59.1334 184.449
150900 65.2753 59.9278 58.9442 184.147
151000 65.0571 60.5224 59.9026 185.482
151100 63.897 60.9098 58.0767 182.883
151200 64.704 60.4484 57.5114 182.664
151300 63.5149 60.1974 58.7175 182.43
151400 64.8189 60.979 57.7964 183.594
151500 65.6356 61.8551 59.793 187.284
151600 64.6974 60.6146 59.2256 184.538
151700 65.5502 60.2308 59.0649 184.846
151800 65.0486 61.6002 59.5635 186.212
151900 63.8982 60.9433 58.5714 183.413
152000 64.7563 59.3449 57.4381 181.539
152100 65.5389 60.6832 58.2868 184.509
152200 66.0023 61.0608 59.0189 186.082
152300 67.0592 60.5734 58.7394 186.372
152400 66.0936 60.4558 59.0005 185.55
152500 65.4657 60.9564 58.9574 185.38
152600 67.2017 61.9359 59.937 189.075
152700 68.0188 60.1064 59.6756 187.801
152800 68.159 60.9268 59.72 188.806
152900 66.8762 62.2911 59.0336 188.201
153000 67.5182 61.7568 58.4793 187.754
153100 67.9155 60.5116 59.8206 188.248
153200 67.8596 61.3026 57.8026 186.965
153300 68.0994 61.6994 58.6832 188.482
153400 67.5952 61.7672 58.2393 187.602
153500 68.4197 60.9444 58.9543 188.318
153600 68.2299 60.7082 59.7217 188.66
153700 67.593 59.3657 59.086 186.045
153800 67.6908 60.0974 60.1139 187.902
153900 68.3725 59.0792 59.6495 187.101
154000 69.191 58.6856 58.9344 186.811
154100 68.564 58.7801 59.5121 186.856
154200 68.0963 60.4169 58.8292 187.342
154300 69.083 60.1835 59.8468 189.113
154400 69.6501 60.3859 59.2889 189.325
154500 70.296 61.2656 59.1996 190.761
154600 68.9932 60.53 58.6191 188.142
154700 68.4668 60.9676 59.2097 188.644
154800 68.1165 61.307 60.5253 189.949
154900 67.6315 62.1668 59.1085 188.907
155000 69.6122 60.6925 59.1702 189.475
155100 69.5422 61.083 60.8199 191.445
155200 69.701 61.9356 59.9229 191.559
155300 69.3006 61.6338 60.3777 191.312
155400 70.2126 61.4317 59.0261 190.67
155500 70.3262 61.7199 58.3756 190.422
155600 69.3602 62.2549 58.1556 189.771
155700 67.9325 61.7443 58.3442 188.021
155800 66.7406 63.3235 58.9402 189.004
155900 68.2912 62.2856 60.1623 190.739
156000 68.2643 63.0459 60.2774 191.588
156100 67.2925 61.8577 59.5717 188.722
156200 68.7025 62.9569 57.4274 189.087
156300 68.4964 62.0125 57.9176 188.427
156400 68.7658 62.2712 58.0755 189.112
156500 69.6246 62.5041 59.2243 191.353
156600 70.4586 63.5834 59.4605 193.503
156700 68.9307 62.2712 58.2522 189.454
156800 70.3711 61.6053 58.6819 190.658
156900 70.7062 61.9749 58.4601 191.141
157000 69.263 63.6408 58.8447 191.748
157100 69.1811 63.9041 57.7321 190.817
157200 69.3422 62.962 59.744 192.048
157300 69.648 63.0899 59.6822 192.42
157400 70.2331 62.8412 60.1593 193.234
157500 71.9669 61.6998 59.7342 193.401
157600 71.6729 60.9244 59.6758 192.273
157700 71.9349 61.0961 57.9074 190.938
157800 70.7849 62.2886 59.4252 192.499
157900 70.85 62.7542 59.2982 192.902
158000 70.7598 63.7828 58.1705 192.713
158100 72.1873 62.6969 58.5741 193.458
158200 69.7626 61.1019 59.4563 190.321
158300 71.0181 62.5262 59.9631 193.507
158400 70.2727 62.0768 60.1112 192.461
158500 70.6418 62.0498 60.5127 193.204
158600 71.2179 62.6153 59.7039 193.537
158700 70.9284 62.0319 58.9681 191.928
158800 72.1477 62.2934 60.5035 194.945
158900 72.1105 60.6894 58.3121 191.112
159000 72.1009 61.2083 59.5057 192.815
159100 69.858 61.1318 59.9123 190.902
159200 68.677 61.3437 59.8047 189.825
159300 68.4775 62.5453 59.0997 190.123
159400 69.3931 61.5138 59.1241 190.031
159500 68.5242 62.5545 59.2498 190.329
159600 67.4721 62.1549 59.8706 189.498
159700 69.3203 61.9805 61.3886 192.689
159800 69.5386 61.2053 59.1774 189.921
159900 70.3357 61.8335 59.8857 192.055
160000 68.9376 61.1444 61.2877 191.37
160100 68.673 62.7535 60.1563 191.583
160200 68.9592 61.9231 58.4276 189.31
160300 69.7253 61.8283 59.4669 191.021
160400 70.5031 60.6169 59.1218 190.242
160500 69.9437 60.3188 59.7995 190.062
160600 68.7174 61.8474 59.1508 189.716
160700 70.0086 60.4366 58.5528 188.998
160800 70.479 61.459 59.8931 191.831
160900 69.7188 60.8969 60.8667 191.482
161000 69.54 62.8253 59.2358 191.601
161100 68.8723 62.7476 57.8362 189.456
161200 68.8019 62.952 57.235 188.989
161300 70.3896 62.2276 58.8712 191.488
161400 69.4881 61.3743 59.509 190.371
161500 68.7808 63.7964 57.869 190.446
161600 69.6512 63.9159 58.5821 192.149
161700 69.2147 63.6444 58.7422 191.601
161800 70.1773 63.6007 58.5764 192.354
161900 69.4911 63.1796 58.867 191.538
162000 69.2539 64.2529 58.3926 191.899
162100 69.4423 64.0643 58.1096 191.616
162200 69.3737 63.6444 58.3608 191.379
162300 69.287 63.433 60.2865 193.007
162400 68.9963 63.8162 60.3587 193.171
162500 71.1415 64.1386 60.1481 195.428
162600 69.0148 64.6656 59.7624 193.443
162700 69.7182 63.7845 59.9104 193.413
162800 70.4853 63.8358 60.7542 195.075
162900 69.0558 64.1296 59.7788 192.964
163000 69.9614 62.9038 60.2088 193.074
163100 71.2315 62.7254 60.6169 194.574
163200 72.0556 62.9229 61.8265 196.805
163300 72.468 62.8001 60.9122 196.18
163400 72.0613 63.4363 60.5774 196.075
163500 70.934 64.575 60.0278 195.537
163600 71.8298 63.9485 60.9639 196.742
163700 71.1143 64.6422 59.5617 195.318
163800 71.6444 63.7255 61.0717 196.442
163900 72.2603 62.715 61.4712 196.447
164000 72.6152 63.6039 61.1821 197.401
164100 72.4452 63.7451 59.4276 195.618
164200 75.0273 64.2978 60.8064 200.131
164300 73.4378 63.8237 61.5639 198.825
164400 73.5008 64.462 61.3173 199.28
164500 74.0969 63.9036 60.8172 198.818
164600 72.3096 64.4359 60.7888 197.534
164700 72.1946 63.7637 61.2044 197.163
164800 72.7767 64.0687 61.3828 198.228
164900 72.4834 64.072 60.8922 197.448
165000 72.3824 63.001 60.5581 195.941
165100 71.9973 63.146 60.9143 196.058
165200 73.5497 64.096 61.2191 198.865
165300 73.7991 63.5424 59.32 196.661
165400 74.7861 64.8227 61.1829 200.792
165500 75.4763 65.9155 61.1926 202.584
165600 76.4018 64.207 61.5767 202.185
165700 75.7132 65.1046 62.1688 202.987
165800 77.1984 64.4748 62.0408 203.714
165900 77.4547 64.6551 62.778 204.888
166000 75.3484 64.3941 62.3103 202.053
166100 76.4972 63.5147 62.1623 202.174
166200 74.7843 62.4447 62.0504 199.279
166300 73.5222 63.2636 62.4358 199.222
166400 74.6052 63.9075 62.729 201.242
166500 73.8539 64.0356 62.7937 200.683
166600 74.5434 63.1411 63.3399 201.024
166700 75.2677 62.6827 63.7881 201.739
166800 75.2595 62.7664 63.8685 201.894
166900 72.6863 63.2085 64.0672 199.962
167000 75.1509 63.7614 63.9726 202.885
167100 73.4463 63.1339 63.4678 200.048
167200 75.3128 63.6063 64.3259 203.245
167300 75.1427 62.9378 63.5275 201.608
167400 74.0885 62.8052 64.0412 200.935
167500 75.1064 62.7999 64.0211 201.927
167600 75.9078 63.73 64.4434 204.081
167700 76.7774 63.0616 65.0478 204.887
167800 75.4939 61.8951 64.8531 202.242
167900 75.6897 61.9089 64.7709 202.369
168000 75.2496 62.4372 64.8617 202.549
168100 75.4536 60.3628 65.971 201.788
168200 76.4926 60.7649 64.7525 202.01
168300 77.2703 62.9875 65.0125 205.27
168400 75.5913 62.1119 63.5224 201.226
168500 76.9823 62.5004 63.8506 203.333
168600 74.9111 61.9367 63.355 200.203
168700 77.8979 62.1366 63.0906 203.125
168800 78.3382 62.1208 63.3395 203.798
168900 77.7377 62.402 63.0677 203.207
169000 75.2315 62.4037 62.6971 200.332
169100 76.3631 61.9937 63.2856 201.642
169200 77.6286 61.4929 62.459 201.58
169300 76.2048 63.0328 62.1949 201.433
169400 75.8884 62.377 62.2504 200.516
169500 77.2701 62.9491 62.6382 202.857
169600 77.8752 62.9632 62.231 203.069
169700 78.1359 63.3684 61.6908 203.195
169800 77.0551 63.0213 63.5684 203.645
169900 76.8659 63.0417 63.7723 203.68
170000 75.6571 62.1059 63.5077 201.271
170100 77.3681 63.9556 64.0553 205.379
170200 76.6193 61.6529 62.7988 201.071
170300 76.8866 63.5076 63.9082 204.302
170400 75.7708 63.0772 63.3771 202.225
170500 75.5839 63.3503 63.3059 202.24
170600 74.1259 63.0222 63.5531 200.701
170700 74.7338 64.2706 62.2725 201.277
170800 76.0235 63.6016 63.8244 203.449
170900 75.7214 62.223 63.2245 201.169
171000 77.5851 61.8376 63.1726 202.595
171100 77.2379 62.1115 63.4685 202.818
171200 77.1606 62.5109 63.0609 202.732
171300 77.6497 63.2224 64.1982 205.07
171400 76.76 63.5742 64.2972 204.631
171500 76.2852 62.471 63.1203 201.876
171600 76.3262 62.9351 63.2408 202.502
171700 75.1089 62.5471 63.0815 200.737
171800 75.2328 62.8146 62.667 200.714
171900 74.6551 63.2176 64.696 202.569
172000 75.7672 61.8936 63.4299 201.091
172100 75.8767 63.2315 63.6232 202.731
172200 78.1819 63.1935 63.4698 204.845
172300 79.1226 63.3913 63.6877 206.202
172400 77.6797 63.7705 63.9976 205.448
172500 77.2075 63.7195 63.037 203.964
172600 76.2417 63.211 62.6178 202.071
172700 77.633 62.6767 62.429 202.739
172800 79.181 63.4425 63.7331 206.357
172900 79.2528 63.7677 62.2247 205.245
173000 79.4741 64.0219 63.4617 206.958
173100 79.567 63.0613 64.7643 207.393
173200 79.013 63.749 64.424 207.186
173300 80.2617 62.3799 63.7531 206.395
173400 79.9321 61.9276 64.7993 206.659
173500 78.343 61.3496 64.6199 204.313
173600 77.5799 63.7774 62.8686 204.226
173700 79.1384 65.6558 63.6273 208.421
173800 79.6769 64.4746 64.1303 208.282
173900 78.0826 63.9142 63.1548 205.152
174000 79.7158 65.0015 63.3809 208.098
174100 79.9752 63.1935 65.7855 208.954
174200 80.0541 63.3502 64.0452 207.45
174300 79.9029 64.8347 65.2899 210.028
174400 80.4114 63.8603 64.6112 208.883
174500 81.2388 64.1371 64.3153 209.691
174600 79.5534 64.7234 65.6707 209.948
174700 80.4931 63.5932 63.6583 207.745
174800 78.8477 64.265 63.9985 207.111
174900 80.2637 64.0017 63.5134 207.779
175000 79.3861 64.5199 62.8237 206.73
175100 81.7426 65.1027 63.875 210.72
175200 80.9204 65.5122 63.8174 210.25
175300 80.2205 65.1734 63.1039 208.498
175400 80.3192 65.2619 64.0806 209.662
175500 80.8603 64.3824 64.154 209.397
175600 80.4281 65.7373 64.1206 210.286
175700 81.1713 65.7074 64.5627 211.441
175800 80.1637 65.119 63.6195 208.902
175900 81.3611 65.7048 63.7284 210.794
176000 80.3364 67.5567 64.7438 212.637
176100 80.2085 66.4008 64.425 211.034
176200 79.6816 66.1742 64.3433 210.199
176300 80.0659 65.8299 64.6571 210.553
176400 80.4165 65.9947 63.9583 210.37
176500 79.9691 66.1199 64.1119 210.201
176600 79.6873 66.0873 64.4528 210.227
176700 81.0024 66.7514 64.0876 211.841
176800 80.0184 68.0772 62.7354 210.831
176900 82.2434 67.9014 64.4417 214.587
177000 82.8848 67.8432 64.7296 215.458
177100 81.5355 67.1626 65.2796 213.978
177200 81.8109 66.533 63.6386 211.982
177300 82.4051 65.881 65.3139 213.6
177400 80.9099 66.4876 65.5968 212.994
177500 81.2946 67.9294 64.5885 213.813
177600 82.3286 65.9529 64.2296 212.511
177700 83.0245 66.6632 63.5516 213.239
177800 82.6329 67.0478 64.0517 213.732
177900 81.8544 68.0623 64.6831 214.6
178000 82.4235 67.2237 64.7922 214.439
178100 82.8746 67.696 65.6152 216.186
178200 81.4476 66.7953 66.2414 214.484
178300 82.3207 66.5956 64.7592 213.676
178400 81.1389 68.2624 64.9277 214.329
178500 81.0729 68.3078 66.135 215.516
178600 83.8361 68.2823 66.1993 218.318
178700 82.9115 67.8112 67.3607 218.083
178800 83.9342 67.893 67.7273 219.555
178900 83.114 66.4773 67.1431 216.734
179000 82.2892 66.3347 65.457 214.081
179100 81.7086 67.9897 65.337 215.035
179200 82.1212 67.296 65.2149 214.632
179300 82.0629 67.9408 65.2263 215.23
179400 82.3431 69.2682 63.4813 215.093
179500 80.9251 69.7261 63.8092 214.46
179600 79.8034 67.6495 64.5271 211.98
179700 80.1116 68.3953 65.8461 214.353
179800 80.4779 69.2313 64.9474 214.657
179900 81.4515 68.1745 64.8506 214.477
180000 80.2827 68.7597 63.4121 212.455
180100 80.6127 69.6208 64.8486 215.082
180200 82.1071 68.451 63.6456 214.204
180300 82.5084 67.3714 65.9809 215.861
180400 82.0398 67.4921 65.1659 214.698
180500 82.8616 68.6063 64.1987 215.667
180600 83.0437 69.5006 65.1195 217.664
180700 81.618 67.9255 64.1572 213.701
180800 82.4928 68.7681 65.4612 216.722
180900 80.0629 68.8867 66.5209 215.471
181000 81.4712 68.0039 67.1772 216.652
181100 81.2993 67.8746 66.7127 215.887
181200 81.0748 67.7283 67.955 216.758
181300 79.9092 68.7278 67.5393 216.176
181400 79.8416 68.2406 67.4629 215.545
181500 81.4694 68.5919 68.3231 218.384
181600 80.8692 68.2019 68.756 217.827
181700 79.9657 67.5368 69.2013 216.704
181800 81.5727 68.6907 69.1645 219.428
181900 82.1195 69.0292 69.875 221.024
182000 80.5005 68.9566 70.6974 220.154
182100 81.3274 69.5617 69.3135 220.203
182200 81.5427 70.9576 69.5626 222.063
182300 80.7299 69.8636 69.3402 219.934
182400 81.8803 70.4584 68.8251 221.164
182500 80.5747 71.3579 69.2636 221.196
182600 82.6652 70.6715 69.5895 222.926
182700 81.8802 68.7604 69.971 220.612
182800 80.2343 69.7633 70.5734 220.571
182900 78.4495 70.4537 71.2307 220.134
183000 80.2326 70.901 70.3987 221.532
183100 79.8227 69.6223 69.5563 219.001
183200 79.0489 70.8395 71.0282 220.916
183300 80.2084 70.0332 70.5015 220.743
183400 77.2414 68.9091 68.8201 214.971
183500 77.6474 70.7233 68.457 216.828
183600 79.2735 70.4389 68.386 218.098
183700 78.9888 69.8931 68.7036 217.585
183800 81.5174 68.2526 69.1962 218.966
183900 80.7163 67.9819 70.1712 218.869
184000 80.9148 69.5788 69.1982 219.692
184100 82.0867 69.9183 69.3131 221.318
184200 79.5152 70.0917 69.8171 219.424
184300 78.5252 71.5899 69.8311 219.946
184400 79.4181 70.9095 69.7722 220.1
184500 80.7631 71.5977 69.7693 222.13
184600 81.8747 71.4834 68.9145 222.273
184700 82.7655 71.4491 69.6081 223.823
184800 82.821 71.8265 69.4698 224.117
184900 80.5997 73.8516 70.247 224.698
185000 81.0131 72.2422 69.1796 222.435
185100 80.8824 72.4452 70.9809 224.309
185200 81.3016 73.0403 69.907 224.249
185300 80.7344 72.1266 70.5811 223.442
185400 81.5835 71.0064 69.9857 222.576
185500 81.798 72.409 69.7907 223.998
185600 81.0572 72.9957 70.9041 224.957
185700 81.8017 71.974 69.6307 223.406
185800 82.6023 72.9938 69.9158 225.512
185900 82.4933 73.8618 72.0442 228.399
186000 81.8061 73.1688 70.8175 225.792
186100 80.8895 72.7238 69.7059 223.319
186200 80.372 73.3175 70.7707 224.46
186300 81.2941 72.2082 70.0368 223.539
186400 79.499 72.4069 70.2321 222.138
186500 80.9277 72.2033 71.0069 224.138
186600 82.3783 72.9376 70.2637 225.58
186700 82.7231 72.5375 70.897 226.158
186800 82.4103 72.9565 71.7367 227.103
186900 81.2264 73.1486 70.3143 224.689
187000 82.1532 73.2384 71.4327 226.824
187100 82.0129 73.0075 72.3412 227.362
187200 80.2896 72.2378 70.9103 223.438
187300 81.327 71.9742 70.7116 224.013
187400 82.197 71.8698 70.784 224.851
187500 83.6602 72.6829 72.4181 228.761
187600 82.1714 72.6118 71.9444 226.728
187700 80.7432 73.2813 74.3302 228.355
187800 82.8128 73.1651 73.7756 229.753
187900 82.3861 74.0326 74.295 230.714
188000 81.4591 75.4592 73.0144 229.933
188100 82.6622 74.4229 73.1681 230.253
188200 83.1355 74.143 72.4113 229.69
188300 82.8843 74.56 73.4729 230.917
188400 82.8248 74.3146 72.9573 230.097
188500 83.0201 74.358 70.9033 228.281
188600 83.5636 74.6495 71.7377 229.951
188700 83.6632 74.3019 70.5016 228.467
188800 82.8652 74.1244 72.6447 229.634
188900 82.1458 73.6223 72.7539 228.522
189000 83.1848 74.3673 73.6874 231.24
189100 83.5048 74.0113 72.244 229.76
189200 83.5786 72.9224 72.181 228.682
189300 83.9294 72.7059 72.3249 228.96
189400 82.0844 74.346 73.67 230.1
189500 85.0976 73.9913 73.1852 232.274
189600 85.0753 72.3951 73.3369 230.807
189700 85.012 73.9351 71.7249 230.672
189800 82.8812 73.3224 72.742 228.946
189900 83.6173 74.2216 71.7279 229.567
190000 83.362 71.7634 71.7045 226.83
190100 83.6024 72.2892 72.7779 228.67
190200 84.2749 73.6529 74.6478 232.576
190300 82.2078 73.5324 75.2585 230.999
190400 83.1459 72.8942 73.7976 229.838
190500 82.8183 73.5585 74.8833 231.26
190600 82.2628 73.526 75.2311 231.02
190700 83.9021 73.6273 74.9033 232.433
190800 83.7183 71.6603 73.8534 229.232
190900 83.6482 72.0907 74.2915 230.03
191000 83.5812 73.0225 74.9469 231.551
191100 83.5096 72.8268 77.3423 233.679
191200 83.654 73.3361 78.3425 235.333
191300 82.9437 73.7926 78.1443 234.881
191400 84.9301 73.1097 76.8666 234.906
191500 83.1207 74.5402 76.7298 234.391
191600 82.7638 74.209 76.4762 233.449
191700 83.9299 73.9165 75.9932 233.84
191800 82.5363 73.461 76.7776 232.775
191900 83.941 74.6765 77.1635 235.781
192000 82.1703 74.0224 77.1673 233.36
192100 84.197 74.9085 77.6377 236.743
192200 85.0396 75.0269 78.7856 238.852
192300 83.4584 73.8836 78.2997 235.642
192400 86.1658 74.4353 78.4523 239.053
192500 86.5074 74.545 79.5282 240.581
192600 86.046 73.8607 79.1105 239.017
192700 85.7608 75.8664 77.9735 239.601
192800 85.6576 76.9442 77.5723 240.174
192900 85.0756 76.1429 77.1548 238.373
193000 85.5867 74.5615 79.2156 239.364
193100 84.4687 75.1184 78.7896 238.377
193200 83.787 75.8945 78.827 238.509
193300 84.5047 76.0087 79.5388 240.052
193400 84.8317 75.7172 79.7087 240.258
193500 85.4668 74.7557 79.2705 239.493
193600 84.9536 75.834 79.0421 239.83
193700 84.1739 75.0933 79.3541 238.621
193800 85.6774 76.9149 81.3254 243.918
193900 86.8476 78.3766 80.797 246.021
194000 87.1417 76.25 79.405 242.797
194100 87.4757 75.432 80.0251 242.933
194200 87.3141 75.9952 81.3488 244.658
194300 87.2804 78.0594 81.0581 246.398
194400 89.009 77.1986 79.7598 245.967
194500 91.1856 76.7945 80.5121 248.492
194600 89.4875 77.0518 79.4736 246.013
194700 90.6528 75.7026 81.5257 247.881
194800 91.8119 75.4644 79.8446 247.121
194900 91.4949 75.5873 82.0148 249.097
195000 91.1695 76.2116 81.3343 248.715
195100 91.3228 75.5804 82.7899 249.693
195200 93.9592 76.6168 83.3385 253.915
195300 91.5376 76.7858 82.9231 251.247
195400 91.7791 76.228 83.0978 251.105
195500 93.8257 77.1977 84.6264 255.65
195600 92.0607 77.1144 85.0502 254.225
195700 91.645 77.2844 82.4256 251.355
195800 92.6432 76.8641 84.9457 254.453
195900 92.6027 76.1771 84.566 253.346
196000 91.9303 75.8789 85.5447 253.354
196100 91.7663 74.8544 85.2172 251.838
196200 91.8957 76.4871 83.9634 252.346
196300 91.9589 76.4099 83.4343 251.803
196400 91.4585 76.3822 83.9796 251.82
196500 92.3623 75.0536 84.9584 252.374
196600 93.5103 76.4895 85.3281 255.328
196700 93.632 76.4705 85.5515 255.654
196800 93.0212 77.2324 86.9218 257.175
196900 92.5501 76.6022 86.5922 255.744
197000 91.8276 77.0117 87.8825 256.722
197100 94.0065 76.726 88.2355 258.968
197200 91.8879 77.4505 88.1635 257.502
197300 93.1684 78.0253 89.4729 260.667
197400 94.0853 77.6068 89.1844 260.877
197500 93.2005 77.7864 89.0554 260.042
197600 94.6208 78.7604 90.4665 263.848
197700 94.9699 78.9215 91.303 265.194
197800 94.2403 76.9627 89.1699 260.373
197900 93.0108 77.1345 90.0424 260.188
198000 93.1028 75.6538 90.7301 259.487
198100 93.169 75.5715 88.1964 256.937
198200 94.7993 75.319 90.7487 260.867
198300 95.5786 77.0196 89.5164 262.115
198400 95.0931 77.7076 90.1722 262.973
198500 94.4613 78.075 92.5987 265.135
198600 93.9677 77.6134 91.4714 263.053
198700 95.6855 77.6146 94.0969 267.397
198800 94.3246 77.1729 94.0328 265.53
198900 93.9029 77.3154 93.0262 264.245
199000 95.9936 77.5565 93.4833 267.033
199100 96.5726 77.014 94.0521 267.639
199200 97.0074 76.7372 94.0061 267.751
199300 99.1968 76.029 94.417 269.643
199400 98.8123 77.1215 94.66 270.594
199500 98.6109 79.0536 92.9077 270.572
199600 98.7298 77.4814 93.0747 269.286
199700 97.9213 77.4466 92.6809 268.049
199800 97.8547 76.8203 92.8598 267.535
199900 97.3152 76.35 94.1561 267.821
200000 96.3224 77.0065 93.5478 266.877
200100 96.2506 76.9401 94.0458 267.237
200200 95.7685 77.6998 93.3138 266.782
200300 95.7258 78.2633 93.8963 267.885
200400 96.5073 79.9623 93.9181 270.388
200500 97.1621 78.6912 93.5387 269.392
200600 97.3054 80.2959 93.0509 270.652
200700 97.5833 79.9511 92.8248 270.359
200800 96.8874 79.4897 95.0684 271.446
200900 97.7939 80.812 94.3826 272.989
201000 98.5167 81.1871 94.073 273.777
201100 96.7708 79.2286 93.4677 269.467
201200 97.0819 81.0758 94.5718 272.729
201300 98.2113 80.5809 94.582 273.374
201400 98.6496 80.3483 94.9405 273.938
201500 98.2568 79.4688 94.0877 271.813
201600 98.6064 81.4013 94.7408 274.749
201700 98.198 81.3396 95.329 274.866
201800 96.9214 81.1387 94.9106 272.971
201900 97.2455 81.009 93.4336 271.688
202000 95.6289 82.3407 94.1831 272.153
202100 97.2483 82.5882 96.7074 276.544
202200 95.3494 82.7599 96.5711 274.68
202300 96.0245 82.6447 95.1608 273.83
202400 97.0206 82.0803 95.6708 274.772
202500 98.0585 81.4393 95.0224 274.52
202600 99.2492 81.8737 96.0252 277.148
202700 100.166 83.4645 95.758 279.389
202800 100.458 82.9189 96.0026 279.379
202900 98.9257 82.8625 95.6784 277.467
203000 98.226 83.0802 95.4789 276.785
203100 96.4647 82.3495 95.0545 273.869
203200 98.2411 81.6585 96.9433 276.843
203300 100.556 81.2913 95.9678 277.815
203400 98.9481 82.2002 96.1375 277.286
203500 99.8868 83.124 95.9969 279.008
203600 101.14 80.9145 94.4614 276.516
203700 99.6497 81.2904 95.2158 276.156
203800 100.197 81.3404 95.2751 276.813
203900 100.124 80.8128 94.2238 275.16
204000 99.4654 82.1581 95.3637 276.987
204100 99.5656 82.7903 95.685 278.041
204200 99.3178 82.4799 95.726 277.524
204300 100.102 81.7139 97.9551 279.771
204400 99.3199 81.962 95.7603 277.042
204500 99.2557 83.0701 96.453 278.779
204600 99.7809 82.6952 96.723 279.199
204700 98.3881 81.0149 95.8638 275.267
204800 99.5988 83.4356 96.7156 279.75
204900 101.449 82.4573 96.7014 280.608
205000 99.7459 81.7623 95.8242 277.332
205100 99.4776 82.529 96.839 278.846
205200 100.813 83.7139 94.3512 278.878
205300 100.893 82.6682 93.2274 276.788
205400 101.648 82.6263 93.5181 277.792
205500 101.088 83.267 92.249 276.604
205600 100.805 82.6029 93.1695 276.578
205700 99.7035 81.2234 95.1535 276.08
205800 99.2218 82.5101 94.4408 276.173
205900 98.1198 80.8509 93.7661 272.737
206000 100.017 82.5857 92.7872 275.39
206100 100.124 81.6235 94.6623 276.41
206200 98.7971 83.0086 95.6931 277.499
206300 100.661 81.8284 96.1421 278.632
206400 100.198 81.2182 94.2799 275.696
206500 99.5826 82.2169 95.2163 277.016
206600 99.9525 82.0508 94.4434 276.447
206700 99.1051 83.1316 93.562 275.799
206800 102.385 83.5031 94.8905 280.778
206900 101.89 83.5129 94.1118 279.515
207000 101.642 83.467 96.3588 281.468
207100 101.286 84.6238 95.6083 281.518
207200 101.537 83.5107 96.7803 281.828
207300 102.722 84.149 97.0175 283.889
207400 98.8381 83.1427 95.6966 277.677
207500 99.5038 82.7266 95.4332 277.664
207600 99.6526 82.8229 96.2981 278.774
207700 100.318 82.8936 96.4685 279.68
207800 100.158 83.7016 96.3907 280.25
207900 101.103 82.8568 97.3494 281.309
208000 99.6436 84.2066 95.5493 279.4
208100 99.5241 81.9482 97.1349 278.607
208200 101.538 84.1053 97.3044 282.948
208300 99.9573 83.8402 97.1892 280.987
208400 102.137 84.0425 98.1488 284.328
208500 101.484 82.919 99.5185 283.921
208600 100.347 83.1323 99.3197 282.799
208700 100.297 83.1495 98.8075 282.254
208800 101.932 83.6564 99.7629 285.351
208900 100.005 84.7179 98.3635 283.086
209000 101.004 83.9164 97.4468 282.367
209100 100.177 84.7091 97.1594 282.046
209200 99.7122 84.8668 97.3381 281.917
209300 101.399 84.8013 98.6046 284.805
209400 100.569 86.4904 97.4977 284.558
209500 100.51 85.2701 98.998 284.778
209600 101.611 86.7314 100.326 288.667
209700 102.611 85.9917 98.9629 287.565
209800 101.368 85.7131 100.328 287.409
209900 102.313 85.4136 99.9397 287.667
210000 103.13 86.2883 101.058 290.477
210100 102.022 84.5735 99.9292 286.525
210200 102.458 85.5845 100.329 288.372
210300 102.811 87.2957 99.9696 290.076
210400 102.244 86.3825 99.2536 287.88
210500 100.846 85.9243 100.79 287.561
210600 101.528 86.5851 100.213 288.326
210700 100.354 87.38 100.273 288.007
210800 100.688 85.2466 99.2949 285.23
210900 99.803 85.4966 98.6499 283.949
211000 99.6677 86.1548 98.816 284.639
211100 97.7122 84.2733 100.224 282.21
211200 98.3518 84.4326 100.511 283.295
211300 97.9288 84.5039 101.404 283.837
211400 98.5249 83.8272 101.535 283.887
211500 99.0789 85.2323 98.9892 283.3
211600 99.4015 84.5687 101.156 285.126
211700 99.6269 85.8403 99.1053 284.572
211800 100.861 85.6494 99.2173 285.727
211900 99.2673 86.6681 99.8522 285.788
212000 99.8871 84.7795 100.277 284.943
212100 99.3684 85.7847 100.12 285.273
212200 99.4663 85.787 100.22 285.473
212300 96.8109 87.0174 99.2586 283.087
212400 100.367 87.0625 99.2823 286.711
212500 98.7499 87.0509 98.9692 284.77
212600 100.106 87.2593 99.8306 287.196
212700 99.4608 88.25 98.66 286.371
212800 100.628 89.8473 99.5915 290.067
212900 99.3066 87.2817 99.5826 286.171
213000 99.7021 87.7034 100.353 287.759
213100 100.288 87.7578 99.4794 287.525
213200 98.8719 85.8987 97.9816 282.752
213300 98.6208 86.5849 99.8077 285.013
213400 97.7751 86.8271 98.6371 283.239
213500 98.0132 86.457 100.413 284.883
213600 97.332 87.1094 101.026 285.467
213700 98.2465 85.5194 100.682 284.448
213800 99.6985 87.2962 99.5302 286.525
213900 101.064 87.9768 99.8723 288.913
214000 99.9745 88.1278 98.2429 286.345
214100 99.95 86.944 99.062 285.956
214200 100.679 87.5205 98.1587 286.358
214300 101.13 85.8821 98.8558 285.868
214400 102.283 85.0173 98.5503 285.85
214500 100.821 86.4402 97.6052 284.866
214600 101.655 86.8391 98.3682 286.862
214700 100.413 86.2021 96.9503 283.565
214800 101.254 87.5744 96.957 285.785
214900 100.266 87.123 97.1721 284.561
215000 102.258 86.07 97.2005 285.528
215100 102.889 83.8434 97.2205 283.953
215200 102.22 84.4696 98.2182 284.908
215300 101.172 85.0887 96.8057 283.067
215400 101.698 86.4385 98.1244 286.261
215500 100.989 86.4158 97.7352 285.14
215600 103.817 84.9762 98.1645 286.957
215700 101.415 85.2214 97.5061 284.142
215800 100.117 85.0991 97.6911 282.907
215900 101.992 86.1915 97.779 285.962
216000 101.117 85.3754 97.7589 284.252
216100 100.556 85.6003 99.1777 285.334
216200 100.999 85.0009 98.2611 284.261
216300 100.624 84.0463 100.061 284.731
216400 101.373 84.9584 98.9908 285.323
216500 101.423 83.7852 98.6924 283.9
216600 101.642 83.5819 97.9495 283.173
216700 102.166 86.0012 100.707 288.875
216800 102.713 87.2407 99.0789 289.032
216900 104.1 86.5432 98.7493 289.393
217000 104.795 86.7348 97.6206 289.151
217100 104.3 86.6851 98.9863 289.972
217200 103.995 85.2806 99.6707 288.946
217300 104.074 85.2176 99.4694 288.761
217400 103.843 84.7928 100.107 288.742
217500 103.86 84.7384 100.432 289.03
217600 103.358 83.9432 99.4886 286.79
217700 104.551 86.0256 98.8749 289.452
217800 101.826 84.9886 100.254 287.069
217900 103.401 83.5835 100.247 287.231
218000 103.987 85.108 100.038 289.133
218100 105.053 86.2009 99.3735 290.627
218200 106.643 85.6295 99.0855 291.358
218300 105.884 88.9285 98.356 293.168
218400 106.544 87.3008 97.2373 291.082
218500 105.709 87.526 99.6057 292.841
218600 105.242 86.3356 100.968 292.546
218700 105.019 87.437 98.5397 290.996
218800 104.07 87.0693 97.2676 288.407
218900 104.615 85.3876 99.1254 289.128
219000 105.193 86.3726 97.6667 289.233
219100 106.787 86.1411 97.2702 290.198
219200 106.434 87.0565 98.4943 291.985
219300 107.063 88.6007 98.7647 294.428
219400 106.176 87.0473 99.3986 292.622
219500 105.95 87.6282 98.5583 292.137
219600 105.732 88.1497 98.2707 292.153
219700 105.336 87.6113 97.5308 290.478
219800 106.172 87.2715 98.6224 292.066
219900 105.086 87.898 99.3691 292.354
220000 106.454 87.3117 100.587 294.352
220100 107.609 87.9355 100.08 295.624
220200 107.699 87.4298 100.556 295.685
220300 107.249 88.282 100.582 296.113
220400 108.773 88.6684 100.08 297.521
220500 108.234 88.4208 101.294 297.949
220600 107.151 88.7983 100.138 296.086
220700 107.077 87.4852 100.502 295.065
220800 106.712 87.1308 99.5884 293.431
220900 106.572 88.1461 100.473 295.191
221000 106.836 87.9812 99.6392 294.457
221100 108.812 88.6699 98.8211 296.303
221200 108.068 87.5943 99.8982 295.56
221300 106.996 87.4447 99.4875 293.929
221400 108.244 89.1953 99.0425 296.482
221500 108.921 88.3378 100.612 297.871
221600 108.909 87.5486 101.169 297.626
221700 107.818 85.9089 101.281 295.008
221800 106.984 87.8074 102.111 296.903
221900 106.779 87.876 103.89 298.545
222000 107.378 86.7497 103.23 297.358
222100 107.387 88.3692 104.012 299.768
222200 109.831 88.0982 106.065 303.993
222300 108.7 86.0721 104.538 299.31
222400 110.265 85.6515 102.331 298.248
222500 111.024 87.7113 105.204 303.939
222600 110.067 87.2876 106.214 303.569
222700 109.579 86.7714 103.571 299.921
222800 107.184 86.73 103.975 297.889
222900 108.015 86.3019 103.945 298.262
223000 110.254 88.0978 100.839 299.191
223100 111.201 86.9987 101.383 299.582
223200 111.013 85.8399 102.371 299.224
223300 111.34 85.294 102.533 299.166
223400 109.341 86.5719 100.921 296.834
223500 108.281 87.0278 101.909 297.217
223600 108.957 87.6291 104.06 300.647
223700 108.56 86.5399 101.973 297.072
223800 107.894 87.0831 101.546 296.523
223900 107.677 88.0758 102.247 298
224000 107.668 87.5051 101.477 296.65
224100 108.206 88.1134 102.88 299.2
224200 108.078 89.673 102.22 299.972
224300 107.239 89.6689 103.73 300.639
224400 108.558 88.7551 104.086 301.4
224500 110.778 87.8631 103.548 302.189
224600 108.878 87.788 105.245 301.911
224700 110.21 89.9735 104.647 304.83
224800 112.479 89.8186 103.971 306.268
224900 112.261 89.4224 103.273 304.957
225000 113.011 88.8321 102.459 304.302
225100 113.58 88.5733 102.397 304.55
225200 113.748 90.8512 102.772 307.372
225300 112.584 88.2033 103.791 304.578
225400 114.897 90.2618 102.298 307.456
225500 115.046 90.6347 102.596 308.277
225600 114.312 89.9959 104.107 308.415
225700 116.415 90.7793 104.907 312.101
225800 115.09 89.7442 101.763 306.597
225900 112.659 90.4282 102.6 305.687
226000 113.761 91.7929 104.774 310.328
226100 114.416 91.8423 103.974 310.232
226200 114.251 91.6658 100.972 306.889
226300 112.581 91.1264 101.028 304.735
226400 115.187 89.8936 102.439 307.52
226500 114.43 89.761 104.314 308.505
226600 113.462 91.0695 104.264 308.795
226700 113.176 90.7683 102.172 306.116
226800 112.569 91.9118 101.803 306.285
226900 112.926 91.8039 101.29 306.02
227000 112.746 91.6285 100.705 305.079
227100 113.991 91.6637 102.285 307.94
227200 112.777 90.4136 102.273 305.464
227300 110.878 92.3544 104.434 307.666
227400 111.003 91.687 102.779 305.468
227500 111.335 91.535 102.06 304.93
227600 111.827 92.485 99.9704 304.282
227700 111.468 91.2532 100.866 303.587
227800 111.627 92.0273 101.091 304.746
227900 112.628 92.1475 102.537 307.312
228000 110.959 91.1028 102.439 304.501
228100 111.679 92.4621 102.322 306.463
228200 112.019 90.6333 102.72 305.372
228300 112.815 90.4002 102.531 305.746
228400 112.936 91.5648 102.511 307.012
228500 113.21 90.85 102.564 306.624
228600 112.5 91.0135 102.225 305.739
228700 113.222 89.8574 102.737 305.816
228800 113.561 89.036 101.856 304.454
228900 114.877 90.5035 101.026 306.407
229000 114.002 88.853 102.511 305.367
229100 112.744 90.2284 103.555 306.527
229200 114.051 90.8235 104.479 309.354
229300 111.301 89.3634 103.343 304.007
229400 112.472 89.1166 102.635 304.223
229500 112.508 89.9735 103.544 306.025
229600 114.265 91.8226 101.407 307.495
229700 112.735 91.9216 102.093 306.749
229800 113.081 93.0465 101.964 308.092
229900 111.999 92.4467 101.503 305.949
230000 112.684 92.6894 101.464 306.837
230100 113.354 93.0888 101.132 307.575
230200 112.448 93.6579 100.568 306.674
230300 112.635 92.7529 102.235 307.623
230400 112.99 93.5322 102.054 308.576
230500 112.517 93.0099 101.422 306.948
230600 111.747 91.2646 103.091 306.102
230700 113.637 91.6669 103.373 308.677
230800 113.468 93.3513 102.338 309.157
230900 112.86 93.8305 102.809 309.499
231000 113.182 93.6124 103.069 309.863
231100 113.081 92.9944 104.671 310.746
231200 113.525 92.9601 102.766 309.251
231300 113.975 93.5436 102.46 309.979
231400 111.78 93.2465 102.801 307.828
231500 109.552 92.7452 102.994 305.291
231600 110.874 91.8486 103.915 306.637
231700 110.087 90.5893 105.768 306.445
231800 110.893 89.7378 103.713 304.344
231900 111.036 91.8388 102.035 304.91
232000 112.052 92.4171 101.708 306.177
232100 110.692 91.1479 102.571 304.411
232200 111.744 91.0984 102.56 305.403
232300 112.995 92.1029 100.523 305.621
232400 113.972 93.5834 102.293 309.848
232500 112.679 92.6485 101.387 306.714
232600 111.837 92.6374 100.415 304.89
232700 112.528 92.3903 102.617 307.535
232800 112.437 92.6895 101.516 306.642
232900 112.052 93.484 101.445 306.981
233000 113.784 92.55 101.618 307.951
233100 114.364 92.2379 100.315 306.918
233200 113.367 92.9676 100.969 307.304
233300 113.941 94.0626 101.02 309.024
233400 114.021 93.6235 100.587 308.231
233500 114.735 94.0068 100.504 309.245
233600 115.072 92.1166 99.2396 306.428
233700 115.758 92.7982 100.469 309.025
233800 116.289 94.4942 99.7614 310.545
233900 115.255 95.0635 98.1157 308.434
234000 114.358 95.9187 98.9174 309.194
234100 115.975 96.7819 98.9809 311.738
234200 115.596 93.9672 97.5611 307.125
234300 114.646 94.2826 98.5826 307.511
234400 115.388 95.4762 98.9798 309.844
234500 116.382 95.0698 100.64 312.091
234600 114.309 94.68 98.4008 307.39
234700 113.491 96.296 99.8022 309.589
234800 115.609 94.7504 99.8426 310.202
234900 113.704 95.8096 99.9863 309.5
235000 115.31 95.363 100.111 310.784
235100 115.163 96.554 99.2522 310.969
235200 114.662 96.1776 97.8725 308.712
235300 115.173 95.6397 97.4384 308.252
235400 114.745 95.1751 98.2135 308.134
235500 115.604 96.465 98.992 311.061
235600 114.332 97.1944 98.4098 309.936
235700 115.146 96.6027 98.9698 310.718
235800 115.475 94.3007 99.2312 309.007
235900 117.146 95.5598 98.8473 311.554
236000 116.174 95.3389 99.1288 310.642
236100 115.779 97.2483 97.7484 310.776
236200 115.157 96.4658 98.9627 310.586
236300 116.043 96.9951 97.7683 310.807
236400 115.679 98.3653 98.375 312.419
236500 115.139 97.2842 99.6735 312.096
236600 115.185 97.6501 99.7888 312.624
236700 115.484 96.7756 100.076 312.336
236800 115.045 96.6256 99.429 311.1
236900 116.07 96.3507 100.675 313.095
237000 115.771 96.8239 99.0912 311.686
237100 114.725 96.6216 100.03 311.376
237200 115.378 96.7574 100.504 312.639
237300 114.991 96.0218 100.129 311.142
237400 115.521 96.4984 102.017 314.037
237500 115.682 96.248 101.429 313.359
237600 116.323 95.9652 102.132 314.42
237700 116.217 95.5316 102.493 314.242
237800 114.401 94.7511 101.549 310.701
237900 114.895 96.0306 101.33 312.256
238000 114.868 96.2829 101.325 312.475
238100 116.41 97.6758 101.146 315.232
238200 116.359 96.159 99.8444 312.363
238300 116.112 94.1741 101.409 311.695
238400 115.624 92.4355 101.265 309.325
238500 114.568 93.8476 101.66 310.076
238600 116.006 95.7783 102.192 313.977
238700 115.075 93.6662 101.572 310.313
238800 115.744 94.5585 100.365 310.668
238900 115.362 93.1854 101.679 310.226
239000 117.452 92.1978 100.649 310.299
239100 115.771 92.4006 100.93 309.102
239200 115.499 92.4104 102.714 310.623
239300 115.63 93.5889 101.452 310.671
239400 114.45 94.0697 103.332 311.852
239500 114.551 92.9865 103.495 311.032
239600 114.547 94.288 103.267 312.102
239700 115.012 95.2267 102.915 313.154
239800 115.765 97.0391 101.239 314.043
239900 116.643 97.4119 101.967 316.023
240000 114.469 99.2478 102.836 316.552
240100 112.356 96.2858 104.083 312.725
240200 113.892 96.9221 103.726 314.541
240300 114.728 94.681 105.217 314.626
240400 113.079 95.8619 106.69 315.631
240500 113.958 95.0438 106.054 315.056
240600 113.82 94.2795 105.513 313.613
240700 112.949 94.9533 106.545 314.447
240800 111.38 93.908 106.721 312.009
240900 110.673 92.9014 106.422 309.996
241000 111.376 94.0641 105.329 310.769
241100 112.809 95.9253 104.695 313.43
241200 112.658 95.6017 104.737 312.996
241300 113.005 94.9737 106.508 314.487
241400 113.479 95.0509 105.875 314.405
241500 113.42 94.8484 105.941 314.209
241600 112.905 95.6598 106.719 315.283
241700 115.111 96.275 107.709 319.095
241800 113.395 95.8393 105.746 314.98
241900 114.11 96.695 105.363 316.168
242000 114.456 96.1312 104.805 315.393
242100 114.595 97.4757 103.413 315.484
242200 112.749 96.9259 105.501 315.176
242300 112.634 98.6576 105.451 316.742
242400 112.743 98.5624 106.049 317.354
242500 112.56 98.1023 105.526 316.188
242600 111.84 98.3399 106.381 316.56
242700 114.444 98.8863 104.775 318.105
242800 113.868 99.2759 105.431 318.575
242900 113.734 98.9355 103.826 316.495
243000 114.064 97.4059 103.535 315.005
243100 114.127 100.078 104.347 318.551
243200 115.278 99.7593 105.506 320.544
243300 115.248 99.2925 103.244 317.785
243400 113.461 99.5471 103.607 316.616
243500 113.782 99.1772 103.15 316.11
243600 112.807 100.645 102.709 316.161
243700 112.99 100.409 104.164 317.563
243800 112.836 99.9229 103.652 316.411
243900 111.836 99.9071 104.472 316.215
244000 112.483 98.1952 104.841 315.519
244100 112.97 99.5298 104.342 316.842
244200 110.954 99.0992 102.889 312.942
244300 112.104 98.9948 102.271 313.37
244400 112.367 98.7615 105.671 316.8
244500 113.246 98.2029 104.17 315.619
244600 110.267 99.7115 103.907 313.886
244700 113.47 101.158 104.989 319.617
244800 114.453 98.6606 106.054 319.168
244900 113.376 98.4271 107.477 319.28
245000 114.739 101.233 107.76 323.732
245100 112.494 98.2371 104.885 315.617
245200 112.321 99.1908 102.904 314.416
245300 111.719 100.679 104.509 316.907
245400 112.237 100.262 105.934 318.433
245500 112.092 101.879 106.349 320.32
245600 111.213 102.027 104.394 317.634
245700 114.865 101.638 103.989 320.491
245800 112.63 99.794 105.015 317.439
245900 113.352 99.5553 107.096 320.003
246000 112.64 99.0566 106.546 318.243
246100 112.041 100.351 107.083 319.475
246200 114.73 98.2509 107.15 320.131
246300 114.053 98.9383 105.595 318.586
246400 114.742 98.6325 104.633 318.008
246500 112.899 99.3824 103.276 315.558
246600 113.793 99.6383 103.879 317.31
246700 111.653 97.2799 104.147 313.08
246800 112.546 96.9778 104.13 313.653
246900 112.341 98.4598 103.5 314.301
247000 111.585 97.3343 104.763 313.682
247100 112.622 97.9941 104.595 315.211
247200 111.791 99.9102 104.925 316.626
247300 113.864 99.6453 104.396 317.905
247400 113.857 101.215 104.896 319.969
247500 114.391 100.182 104.69 319.264
247600 113.567 100.325 106.989 320.881
247700 113.298 99.2419 108.643 321.183
247800 113.443 98.5069 107.88 319.831
247900 114.65 99.6212 106.837 321.109
248000 115.199 98.9968 107.184 321.379
248100 115.391 97.4405 107.894 320.725
248200 115.31 98.5425 107.463 321.315
248300 115.343 98.6078 107.923 321.873
248400 114.95 99.4356 109.678 324.064
248500 116.764 98.8893 107.106 322.759
248600 115.774 100.59 108.239 324.603
248700 115.063 100.464 108.588 324.115
248800 114.772 100.161 107.981 322.913
248900 116 100.956 109.332 326.288
249000 116.914 101.397 110.431 328.742
249100 115.061 98.7415 110.525 324.328
249200 115.521 97.6658 109.595 322.782
249300 113.441 100.141 109.692 323.274
249400 112.294 99.2491 108.479 320.022
249500 113.616 98.8681 109.575 322.059
249600 114.915 99.9305 109.769 324.615
249700 115.114 99.618 109.066 323.798
249800 115.747 99.9345 110.36 326.041
249900 113.514 98.0459 109.841 321.401
250000 114.106 100.638 110.143 324.887
