# step msd_x msd_y msd_z msd_total (Ang^2)
# TimeStep c_msd_Na[1] c_msd_Na[2] c_msd_Na[3] c_msd_Na[4]
0 7.88861e-31 0 0 7.88861e-31
100 0.12328 0.124368 0.13642 0.384068
200 0.178054 0.166364 0.167774 0.512192
300 0.200505 0.194475 0.172048 0.567028
400 0.15826 0.181377 0.15406 0.493698
500 0.147061 0.120177 0.171517 0.438756
600 0.142737 0.158518 0.232134 0.53339
700 0.218489 0.182512 0.198728 0.599728
800 0.217005 0.190558 0.193791 0.601355
900 0.245558 0.211851 0.241867 0.699276
1000 0.21365 0.194201 0.149899 0.55775
1100 0.251248 0.204628 0.226509 0.682386
1200 0.20169 0.207138 0.229981 0.63881
1300 0.224951 0.261391 0.249771 0.736112
1400 0.206258 0.247825 0.183318 0.637401
1500 0.194479 0.215358 0.199992 0.609829
1600 0.259102 0.229506 0.178192 0.6668
1700 0.20585 0.199754 0.152907 0.558511
1800 0.156233 0.209707 0.238947 0.604887
1900 0.184989 0.255846 0.221376 0.66221
2000 0.211747 0.231393 0.18587 0.62901
2100 0.216683 0.209963 0.235737 0.662382
2200 0.142017 0.181065 0.18786 0.510942
2300 0.161391 0.180825 0.213372 0.555588
2400 0.185784 0.184627 0.208396 0.578808
2500 0.184959 0.198594 0.180311 0.563864
2600 0.203501 0.232337 0.21445 0.650287
2700 0.156532 0.219931 0.189928 0.566391
2800 0.216505 0.198022 0.157555 0.572082
2900 0.202847 0.171286 0.218493 0.592626
3000 0.180885 0.194132 0.200391 0.575408
3100 0.114675 0.180895 0.174982 0.470552
3200 0.164275 0.15502 0.204004 0.523299
3300 0.235435 0.212592 0.185236 0.633263
3400 0.239275 0.180205 0.229434 0.648914
3500 0.192855 0.205104 0.205706 0.603665
3600 0.251946 0.189941 0.220502 0.662389
3700 0.216321 0.188256 0.19838 0.602957
3800 0.20123 0.199935 0.25031 0.651475
3900 0.220643 0.188835 0.220409 0.629887
4000 0.264977 0.219705 0.323664 0.808346
4100 0.21977 0.228555 0.202066 0.650391
4200 0.187487 0.169536 0.156241 0.513265
4300 0.195942 0.18263 0.167958 0.54653
4400 0.183031 0.193242 0.212792 0.589065
4500 0.199318 0.199527 0.209394 0.608239
4600 0.195021 0.212191 0.17714 0.584353
4700 0.154755 0.169566 0.155554 0.479875
4800 0.172616 0.198138 0.169398 0.540152
4900 0.192991 0.199477 0.236727 0.629195
5000 0.193272 0.155151 0.193878 0.542301
5100 0.256689 0.153723 0.201016 0.611427
5200 0.228638 0.233128 0.193606 0.655372
5300 0.230977 0.187701 0.194771 0.613449
5400 0.236068 0.248008 0.257025 0.741102
5500 0.24392 0.264583 0.212809 0.721312
5600 0.242815 0.182262 0.280559 0.705636
5700 0.266115 0.238277 0.267419 0.771811
5800 0.270513 0.233753 0.201053 0.705319
5900 0.226984 0.201467 0.218785 0.647235
6000 0.273472 0.216209 0.265856 0.755537
6100 0.215938 0.201214 0.203828 0.62098
6200 0.23599 0.189398 0.218548 0.643937
6300 0.251205 0.23687 0.295614 0.783689
6400 0.254398 0.197802 0.24234 0.69454
6500 0.233375 0.239339 0.228393 0.701107
6600 0.358631 0.216426 0.201576 0.776633
6700 0.266397 0.19663 0.224938 0.687965
6800 0.267522 0.267788 0.258649 0.793959
6900 0.248648 0.205127 0.251609 0.705384
7000 0.178435 0.175316 0.181556 0.535306
7100 0.205627 0.202761 0.191183 0.599571
7200 0.200606 0.186325 0.200613 0.587545
7300 0.26051 0.234994 0.205347 0.700852
7400 0.209556 0.161454 0.177527 0.548537
7500 0.241745 0.195263 0.284312 0.72132
7600 0.259899 0.226545 0.18123 0.667674
7700 0.204965 0.198608 0.221387 0.624961
7800 0.204162 0.182317 0.229913 0.616391
7900 0.191223 0.173599 0.19171 0.556532
8000 0.166414 0.182779 0.20421 0.553402
8100 0.218398 0.241868 0.259285 0.71955
8200 0.228524 0.232481 0.252399 0.713404
8300 0.210111 0.216023 0.225354 0.651488
8400 0.214733 0.225654 0.229604 0.66999
8500 0.290589 0.227539 0.262307 0.780435
8600 0.312089 0.237268 0.169777 0.719134
8700 0.218829 0.205462 0.22458 0.64887
8800 0.231367 0.188794 0.211723 0.631883
8900 0.225861 0.25797 0.225778 0.709609
9000 0.296941 0.198299 0.243257 0.738497
9100 0.259301 0.210172 0.212652 0.682124
9200 0.237274 0.173796 0.250505 0.661575
9300 0.263117 0.239022 0.176978 0.679117
9400 0.325297 0.195376 0.237012 0.757686
9500 0.234799 0.225296 0.200391 0.660486
9600 0.259565 0.211416 0.211932 0.682913
9700 0.298026 0.22746 0.218581 0.744068
9800 0.244644 0.18334 0.170862 0.598846
9900 0.250153 0.184507 0.194539 0.629199
10000 0.200885 0.17873 0.185449 0.565064
10100 0.209703 0.188241 0.206318 0.604263
10200 0.191075 0.159338 0.168731 0.519144
10300 0.259478 0.179483 0.207889 0.64685
10400 0.209623 0.150237 0.191464 0.551325
10500 0.233443 0.207918 0.189137 0.630498
10600 0.163102 0.180932 0.181014 0.525048
10700 0.225553 0.191643 0.185618 0.602814
10800 0.213843 0.24516 0.2024 0.661402
10900 0.213977 0.241687 0.154396 0.61006
11000 0.18184 0.228144 0.174384 0.584369
11100 0.209299 0.224534 0.193065 0.626898
11200 0.191477 0.231533 0.175796 0.598806
11300 0.147469 0.21027 0.155001 0.51274
11400 0.173802 0.243751 0.172607 0.59016
11500 0.200182 0.211416 0.171713 0.583311
11600 0.210334 0.203552 0.159418 0.573304
11700 0.226178 0.195378 0.166176 0.587731
11800 0.220843 0.26851 0.169756 0.659109
11900 0.258681 0.267301 0.234888 0.76087
12000 0.21946 0.226397 0.199794 0.645651
12100 0.195081 0.215793 0.173675 0.584549
12200 0.214458 0.233561 0.194337 0.642356
12300 0.157459 0.199622 0.167465 0.524547
12400 0.242322 0.209848 0.210929 0.663099
12500 0.212495 0.218346 0.171782 0.602624
12600 0.198532 0.196435 0.235691 0.630659
12700 0.176489 0.212467 0.167941 0.556898
12800 0.195417 0.226386 0.166164 0.587968
12900 0.207708 0.225908 0.217582 0.651198
13000 0.194715 0.218447 0.171582 0.584745
13100 0.203273 0.215029 0.152571 0.570872
13200 0.201351 0.214442 0.180256 0.596049
13300 0.237034 0.21331 0.197492 0.647836
13400 0.250226 0.202496 0.144282 0.597004
13500 0.220174 0.194458 0.140783 0.555415
13600 0.208425 0.245235 0.185917 0.639577
13700 0.263163 0.204909 0.167419 0.635491
13800 0.257486 0.284472 0.167668 0.709626
13900 0.28041 0.237166 0.189676 0.707252
14000 0.283342 0.279289 0.214602 0.777234
14100 0.292411 0.283761 0.235226 0.811399
14200 0.227999 0.222112 0.249267 0.699378
14300 0.223516 0.266776 0.184695 0.674987
14400 0.27526 0.260706 0.207384 0.74335
14500 0.231865 0.2631 0.183849 0.678813
14600 0.263597 0.236984 0.221006 0.721586
14700 0.30592 0.231739 0.262337 0.799996
14800 0.242394 0.250842 0.243885 0.737121
14900 0.178069 0.281874 0.208003 0.667945
15000 0.173703 0.234334 0.233325 0.641361
15100 0.207108 0.23786 0.201239 0.646207
15200 0.182173 0.223597 0.198435 0.604205
15300 0.177924 0.243286 0.148365 0.569574
15400 0.153058 0.228851 0.24129 0.6232
15500 0.237986 0.270077 0.183683 0.691747
15600 0.214953 0.292529 0.18864 0.696122
15700 0.216717 0.265663 0.234528 0.716908
15800 0.183079 0.253526 0.152075 0.588681
15900 0.217398 0.239124 0.18807 0.644592
16000 0.207192 0.248616 0.186818 0.642627
16100 0.241869 0.274151 0.194011 0.710031
16200 0.256215 0.307203 0.204911 0.768329
16300 0.263258 0.240604 0.233892 0.737754
16400 0.22545 0.234739 0.201217 0.661406
16500 0.211674 0.234918 0.19162 0.638212
16600 0.21097 0.244665 0.200939 0.656573
16700 0.235678 0.221682 0.247402 0.704761
16800 0.26655 0.201433 0.19064 0.658623
16900 0.213667 0.232967 0.267949 0.714584
17000 0.198988 0.233139 0.193437 0.625563
17100 0.201604 0.219099 0.214059 0.634762
17200 0.207193 0.214975 0.251136 0.673305
17300 0.217416 0.240874 0.23669 0.694979
17400 0.229025 0.192822 0.245232 0.66708
17500 0.24686 0.237705 0.228578 0.713142
17600 0.244507 0.224479 0.241351 0.710337
17700 0.237802 0.251459 0.225707 0.714968
17800 0.227501 0.220791 0.214654 0.662946
17900 0.223646 0.273769 0.248569 0.745984
18000 0.266121 0.23291 0.224864 0.723895
18100 0.20186 0.267773 0.241167 0.710801
18200 0.221388 0.295625 0.191177 0.70819
18300 0.188987 0.268941 0.243013 0.700941
18400 0.240971 0.280964 0.194574 0.71651
18500 0.222428 0.289834 0.240877 0.753139
18600 0.226171 0.293337 0.222834 0.742342
18700 0.26696 0.281514 0.241809 0.790282
18800 0.266562 0.303051 0.199638 0.769251
18900 0.220279 0.248355 0.26393 0.732564
19000 0.278862 0.26459 0.262326 0.805778
19100 0.254478 0.238719 0.189024 0.682221
19200 0.229021 0.308344 0.240615 0.77798
19300 0.256016 0.257713 0.218203 0.731932
19400 0.212313 0.242971 0.23729 0.692575
19500 0.249809 0.244486 0.255662 0.749957
19600 0.254399 0.298718 0.239777 0.792893
19700 0.250358 0.250478 0.19748 0.698316
19800 0.32286 0.290509 0.228195 0.841564
19900 0.281183 0.253816 0.278918 0.813917
20000 0.267818 0.28131 0.267514 0.816643
20100 0.267899 0.328916 0.234907 0.831722
20200 0.236079 0.26465 0.248948 0.749677
20300 0.295016 0.32246 0.240052 0.857528
20400 0.230708 0.275372 0.233077 0.739157
20500 0.242128 0.261301 0.253297 0.756726
20600 0.260036 0.363371 0.200687 0.824093
20700 0.212336 0.329761 0.200553 0.74265
20800 0.290071 0.329946 0.18096 0.800976
20900 0.257348 0.305546 0.198974 0.761868
21000 0.298044 0.358991 0.193831 0.850867
21100 0.329525 0.30356 0.187718 0.820804
21200 0.272341 0.271293 0.23443 0.778064
21300 0.236052 0.284078 0.230965 0.751096
21400 0.27117 0.340233 0.255023 0.866426
21500 0.290761 0.325767 0.189934 0.806462
21600 0.299736 0.292402 0.200991 0.793129
21700 0.305265 0.246499 0.207102 0.758866
21800 0.232473 0.21913 0.180388 0.63199
21900 0.229477 0.221383 0.205618 0.656478
22000 0.222597 0.240986 0.206525 0.670108
22100 0.203782 0.21737 0.154941 0.576093
22200 0.233855 0.265602 0.226553 0.72601
22300 0.187397 0.24281 0.175 0.605207
22400 0.222436 0.263282 0.156704 0.642423
22500 0.246843 0.251747 0.20073 0.699321
22600 0.263556 0.320126 0.246077 0.829758
22700 0.23771 0.294288 0.198339 0.730336
22800 0.278216 0.270158 0.216491 0.764865
22900 0.212597 0.277019 0.226735 0.716351
23000 0.179616 0.255431 0.230083 0.665131
23100 0.237417 0.278006 0.231913 0.747335
23200 0.217857 0.264662 0.237335 0.719854
23300 0.20717 0.228084 0.227253 0.662507
23400 0.261882 0.281355 0.224961 0.768197
23500 0.257081 0.289852 0.207377 0.75431
23600 0.229594 0.319777 0.25575 0.805122
23700 0.207519 0.2128 0.216173 0.636491
23800 0.219129 0.219627 0.233136 0.671892
23900 0.273643 0.202533 0.180821 0.656997
24000 0.251583 0.237286 0.217724 0.706592
24100 0.225795 0.252478 0.182693 0.660966
24200 0.279329 0.229827 0.239328 0.748484
24300 0.277222 0.253488 0.228197 0.758906
24400 0.257092 0.244254 0.202557 0.703903
24500 0.213402 0.230075 0.193937 0.637415
24600 0.245812 0.229306 0.217508 0.692626
24700 0.223596 0.225794 0.21558 0.66497
24800 0.23264 0.239939 0.239273 0.711852
24900 0.222482 0.18957 0.265917 0.677969
25000 0.254796 0.209024 0.226647 0.690467
25100 0.27166 0.242648 0.227517 0.741825
25200 0.228005 0.231146 0.235302 0.694453
25300 0.29764 0.241257 0.212442 0.751338
25400 0.224397 0.288429 0.204722 0.717547
25500 0.227761 0.244902 0.238597 0.71126
25600 0.239006 0.261561 0.19149 0.692057
25700 0.22216 0.263499 0.21398 0.699639
25800 0.183687 0.257095 0.226135 0.666917
25900 0.206621 0.23792 0.213399 0.65794
26000 0.234429 0.321476 0.217558 0.773463
26100 0.245201 0.280592 0.218878 0.744672
26200 0.238035 0.279215 0.22104 0.73829
26300 0.207367 0.243065 0.258964 0.709397
26400 0.240791 0.249385 0.30352 0.793696
26500 0.239328 0.254274 0.296308 0.789911
26600 0.251381 0.256565 0.277569 0.785516
26700 0.206623 0.239042 0.248052 0.693717
26800 0.221008 0.22925 0.239115 0.689374
26900 0.216547 0.281472 0.276835 0.774855
27000 0.26766 0.324858 0.268847 0.861365
27100 0.258876 0.295236 0.240977 0.795089
27200 0.228893 0.279641 0.277841 0.786375
27300 0.279588 0.277475 0.235276 0.79234
27400 0.261276 0.296616 0.250517 0.808409
27500 0.258484 0.229737 0.229757 0.717979
27600 0.217682 0.262378 0.25584 0.735899
27700 0.215924 0.332012 0.307161 0.855097
27800 0.274616 0.238354 0.235563 0.748532
27900 0.22722 0.281577 0.210533 0.71933
28000 0.236528 0.276029 0.232069 0.744626
28100 0.248577 0.334006 0.223735 0.806318
28200 0.215204 0.248223 0.190299 0.653726
28300 0.27247 0.253165 0.214781 0.740415
28400 0.225839 0.238263 0.191268 0.65537
28500 0.242174 0.259191 0.246991 0.748356
28600 0.24995 0.27847 0.216182 0.744602
28700 0.19448 0.206797 0.177012 0.578289
28800 0.255331 0.260191 0.191818 0.707341
28900 0.234207 0.229502 0.24265 0.706359
29000 0.223038 0.256346 0.20135 0.680734
29100 0.239024 0.203154 0.179423 0.621601
29200 0.257543 0.216207 0.243535 0.717285
29300 0.251744 0.245729 0.231619 0.729092
29400 0.238922 0.173192 0.239889 0.652003
29500 0.216138 0.19518 0.192173 0.603491
29600 0.220333 0.184883 0.199513 0.604728
29700 0.222405 0.206011 0.233652 0.662068
29800 0.210294 0.193126 0.229078 0.632499
29900 0.23412 0.19859 0.198132 0.630841
30000 0.304116 0.26773 0.288282 0.860128
30100 0.234224 0.214495 0.202218 0.650937
30200 0.207321 0.172655 0.204644 0.58462
30300 0.266746 0.260787 0.266819 0.794352
30400 0.234204 0.19685 0.228956 0.660009
30500 0.265781 0.204721 0.219568 0.690071
30600 0.26645 0.259905 0.232443 0.758799
30700 0.240027 0.295808 0.216476 0.752311
30800 0.23678 0.277911 0.238201 0.752893
30900 0.288462 0.263963 0.215408 0.767833
31000 0.27034 0.319367 0.237094 0.826802
31100 0.220625 0.186045 0.165019 0.571688
31200 0.251438 0.26154 0.233489 0.746467
31300 0.250944 0.233833 0.211422 0.696198
31400 0.252498 0.269079 0.204038 0.725615
31500 0.247947 0.232609 0.177963 0.658519
31600 0.277211 0.212714 0.232586 0.722512
31700 0.257186 0.234004 0.237527 0.728717
31800 0.238267 0.211239 0.230021 0.679527
31900 0.23932 0.265027 0.18665 0.690998
32000 0.21706 0.221911 0.182132 0.621103
32100 0.225132 0.213673 0.193725 0.63253
32200 0.216389 0.225035 0.243267 0.68469
32300 0.244054 0.221949 0.208124 0.674126
32400 0.261896 0.225371 0.220096 0.707362
32500 0.259218 0.273814 0.270914 0.803946
32600 0.244253 0.267468 0.204798 0.716519
32700 0.204503 0.259994 0.232242 0.696739
32800 0.231852 0.251424 0.227223 0.710499
32900 0.206733 0.245105 0.218797 0.670635
33000 0.20796 0.236878 0.185036 0.629873
33100 0.19245 0.213572 0.204857 0.610879
33200 0.228004 0.225658 0.186467 0.640129
33300 0.253789 0.228614 0.229297 0.711701
33400 0.243576 0.236774 0.24639 0.72674
33500 0.269152 0.257371 0.265009 0.791533
33600 0.251351 0.195866 0.223626 0.670843
33700 0.254876 0.189539 0.271081 0.715495
33800 0.245337 0.195384 0.202615 0.643336
33900 0.236902 0.256331 0.24099 0.734223
34000 0.219907 0.239452 0.24336 0.702719
34100 0.223829 0.231985 0.20815 0.663964
34200 0.251214 0.223895 0.267383 0.742492
34300 0.244249 0.269598 0.246627 0.760474
34400 0.227586 0.21629 0.239654 0.68353
34500 0.295165 0.221338 0.233255 0.749758
34600 0.273143 0.222687 0.217042 0.712872
34700 0.290528 0.215482 0.215106 0.721116
34800 0.243267 0.202029 0.222042 0.667338
34900 0.263784 0.243844 0.222576 0.730204
35000 0.209834 0.237902 0.221881 0.669618
35100 0.288469 0.259258 0.159371 0.707098
35200 0.295207 0.244369 0.220495 0.760071
35300 0.264219 0.225721 0.231552 0.721492
35400 0.297022 0.255316 0.214745 0.767083
35500 0.260321 0.255714 0.288964 0.804999
35600 0.339626 0.254488 0.304105 0.898219
35700 0.298523 0.264867 0.295482 0.858872
35800 0.243406 0.215189 0.211164 0.669759
35900 0.293123 0.267179 0.273898 0.834199
36000 0.32644 0.229211 0.274071 0.829723
36100 0.306231 0.212923 0.302111 0.821265
36200 0.241327 0.192984 0.281733 0.716045
36300 0.2919 0.183807 0.237252 0.712958
36400 0.309793 0.217715 0.229126 0.756634
36500 0.244915 0.17999 0.206022 0.630926
36600 0.239341 0.188806 0.195005 0.623153
36700 0.280125 0.206598 0.186433 0.673156
36800 0.253268 0.178181 0.231309 0.662759
36900 0.309674 0.213044 0.21058 0.733297
37000 0.243594 0.201248 0.202151 0.646993
37100 0.294844 0.20608 0.242111 0.743035
37200 0.30659 0.228821 0.236832 0.772244
37300 0.278357 0.215261 0.248429 0.742047
37400 0.25894 0.224511 0.230952 0.714403
37500 0.329768 0.242019 0.232671 0.804458
37600 0.344462 0.21352 0.288955 0.846937
37700 0.282118 0.21779 0.242897 0.742804
37800 0.282896 0.275354 0.244512 0.802762
37900 0.299505 0.200318 0.209564 0.709387
38000 0.322776 0.262758 0.253404 0.838937
38100 0.297015 0.232832 0.247801 0.777648
38200 0.306509 0.204606 0.211637 0.722752
38300 0.234015 0.226055 0.220242 0.680312
38400 0.281615 0.239384 0.191142 0.712141
38500 0.216359 0.207467 0.194274 0.6181
38600 0.23518 0.241458 0.194419 0.671057
38700 0.227666 0.236835 0.261295 0.725796
38800 0.255104 0.193482 0.193024 0.64161
38900 0.214192 0.181826 0.236685 0.632703
39000 0.20811 0.230809 0.224443 0.663362
39100 0.264054 0.156106 0.212092 0.632251
39200 0.208052 0.190967 0.220623 0.619642
39300 0.253944 0.23778 0.214621 0.706346
39400 0.200723 0.199775 0.217254 0.617752
39500 0.200524 0.15088 0.226964 0.578368
39600 0.20989 0.174422 0.222288 0.6066
39700 0.198814 0.165692 0.249249 0.613756
39800 0.185862 0.185396 0.160608 0.531866
39900 0.252024 0.159773 0.199816 0.611613
40000 0.183812 0.215062 0.195412 0.594286
40100 0.227408 0.155954 0.243959 0.627322
40200 0.218432 0.152411 0.181958 0.552801
40300 0.242713 0.203504 0.193605 0.639822
40400 0.254257 0.181768 0.242442 0.678467
40500 0.225948 0.217119 0.202931 0.645998
40600 0.212927 0.169472 0.223894 0.606292
40700 0.265419 0.186938 0.268312 0.72067
40800 0.222135 0.174444 0.220195 0.616774
40900 0.22555 0.194568 0.215446 0.635565
41000 0.253367 0.19054 0.232425 0.676332
41100 0.218821 0.186435 0.210672 0.615928
41200 0.234775 0.180153 0.191315 0.606243
41300 0.224535 0.160588 0.20178 0.586903
41400 0.243029 0.164012 0.18867 0.595711
41500 0.246478 0.220427 0.186176 0.653082
41600 0.195663 0.190453 0.185041 0.571157
41700 0.21111 0.18878 0.216167 0.616057
41800 0.184015 0.164411 0.189253 0.53768
41900 0.189566 0.187529 0.197063 0.574158
42000 0.22263 0.207817 0.247375 0.677821
42100 0.198358 0.227065 0.217122 0.642545
42200 0.222718 0.214551 0.195221 0.63249
42300 0.272581 0.234225 0.172256 0.679062
42400 0.216929 0.18141 0.197038 0.595376
42500 0.201517 0.218044 0.193241 0.612802
42600 0.235087 0.231847 0.220212 0.687145
42700 0.213273 0.220721 0.253236 0.687229
42800 0.22678 0.251356 0.20311 0.681245
42900 0.209446 0.244219 0.167943 0.621609
43000 0.266808 0.201856 0.179291 0.647954
43100 0.21262 0.244531 0.190058 0.647208
43200 0.225795 0.207323 0.198135 0.631253
43300 0.241694 0.249694 0.213094 0.704482
43400 0.250614 0.232184 0.174104 0.656902
43500 0.269425 0.25173 0.176184 0.697339
43600 0.222779 0.243821 0.137523 0.604123
43700 0.231729 0.26117 0.161156 0.654055
43800 0.297373 0.302481 0.20046 0.800314
43900 0.267402 0.257394 0.186408 0.711204
44000 0.233245 0.211825 0.23234 0.67741
44100 0.246698 0.209741 0.215357 0.671795
44200 0.247497 0.263773 0.225098 0.736368
44300 0.239275 0.174945 0.236179 0.6504
44400 0.284442 0.210123 0.232708 0.727273
44500 0.244625 0.208112 0.241894 0.694632
44600 0.230769 0.186465 0.204981 0.622214
44700 0.244019 0.244896 0.232514 0.721428
44800 0.152709 0.197923 0.221124 0.571756
44900 0.208031 0.224175 0.231363 0.663568
45000 0.200334 0.214386 0.239736 0.654455
45100 0.216098 0.21212 0.233123 0.661341
45200 0.218445 0.198484 0.2347 0.65163
45300 0.210868 0.178959 0.192787 0.582614
45400 0.252781 0.201932 0.234595 0.689308
45500 0.26223 0.252955 0.241899 0.757084
45600 0.214961 0.206923 0.214152 0.636036
45700 0.200093 0.204359 0.218942 0.623394
45800 0.221263 0.264411 0.187428 0.673103
45900 0.216147 0.255519 0.220038 0.691704
46000 0.230367 0.293936 0.188633 0.712936
46100 0.234387 0.277336 0.219833 0.731556
46200 0.223684 0.247055 0.17762 0.648359
46300 0.225144 0.304286 0.233872 0.763301
46400 0.21628 0.280128 0.229663 0.726071
46500 0.197184 0.287417 0.190115 0.674717
46600 0.232065 0.264284 0.213103 0.709452
46700 0.321391 0.272729 0.190396 0.784515
46800 0.284306 0.312476 0.182841 0.779623
46900 0.271517 0.261292 0.169627 0.702436
47000 0.270085 0.265643 0.144522 0.68025
47100 0.235007 0.25637 0.202776 0.694153
47200 0.241156 0.261004 0.173724 0.675883
47300 0.291086 0.276822 0.192998 0.760906
47400 0.29854 0.280182 0.188856 0.767577
47500 0.223933 0.255652 0.170909 0.650494
47600 0.242113 0.28235 0.162426 0.686889
47700 0.264819 0.273735 0.158605 0.697159
47800 0.276083 0.279956 0.187977 0.744016
47900 0.271306 0.278036 0.197514 0.746857
48000 0.271413 0.289746 0.211642 0.7728
48100 0.264952 0.192423 0.178569 0.635943
48200 0.249569 0.207637 0.253484 0.71069
48300 0.249247 0.280319 0.209706 0.739271
48400 0.2364 0.272157 0.242535 0.751092
48500 0.298651 0.296894 0.248219 0.843764
48600 0.326595 0.29634 0.269077 0.892013
48700 0.262803 0.24634 0.208132 0.717275
48800 0.204446 0.268116 0.22406 0.696622
48900 0.228171 0.271101 0.221907 0.721179
49000 0.196651 0.203433 0.226804 0.626888
49100 0.237401 0.23938 0.244981 0.721762
49200 0.214715 0.296871 0.269826 0.781412
49300 0.205064 0.271551 0.237238 0.713853
49400 0.218681 0.21713 0.214239 0.65005
49500 0.19469 0.24279 0.291266 0.728746
49600 0.236123 0.262636 0.263696 0.762455
49700 0.186506 0.298585 0.227803 0.712894
49800 0.253152 0.253413 0.261419 0.767984
49900 0.217622 0.230998 0.247911 0.696531
50000 0.210703 0.243022 0.276923 0.730648
50100 0.217672 0.221074 0.218203 0.656949
50200 0.250664 0.241305 0.297272 0.789241
50300 0.174715 0.244231 0.277083 0.69603
50400 0.220335 0.214922 0.280904 0.716161
50500 0.196264 0.193568 0.28056 0.670391
50600 0.185922 0.205862 0.292194 0.683979
50700 0.172763 0.182005 0.2084 0.563168
50800 0.242408 0.220743 0.264698 0.727848
50900 0.212169 0.232391 0.295905 0.740465
51000 0.282898 0.253578 0.24315 0.779626
51100 0.209146 0.27286 0.250884 0.73289
51200 0.208421 0.262533 0.244338 0.715293
51300 0.170548 0.255196 0.233247 0.658991
51400 0.218468 0.258283 0.238659 0.71541
51500 0.204439 0.249619 0.20566 0.659718
51600 0.220983 0.332385 0.276155 0.829523
51700 0.2354 0.263214 0.260999 0.759613
51800 0.241273 0.238553 0.244539 0.724365
51900 0.161317 0.264528 0.203917 0.629763
52000 0.182362 0.213282 0.209152 0.604795
52100 0.208661 0.210664 0.254173 0.673499
52200 0.20083 0.181565 0.222814 0.605209
52300 0.234303 0.211837 0.247841 0.693981
52400 0.259313 0.246 0.244563 0.749877
52500 0.231396 0.242394 0.228979 0.702768
52600 0.246828 0.257441 0.233019 0.737289
52700 0.290969 0.225792 0.218391 0.735151
52800 0.182234 0.233634 0.224955 0.640823
52900 0.230158 0.285854 0.244769 0.760781
53000 0.203563 0.248372 0.188296 0.640231
53100 0.250845 0.261196 0.232461 0.744502
53200 0.310184 0.273256 0.239214 0.822654
53300 0.256049 0.251643 0.230194 0.737886
53400 0.204609 0.201351 0.180124 0.586084
53500 0.212952 0.309931 0.238594 0.761478
53600 0.250443 0.275818 0.209362 0.735624
53700 0.31427 0.262126 0.253152 0.829548
53800 0.255103 0.310165 0.243475 0.808743
53900 0.293752 0.279365 0.236759 0.809876
54000 0.293041 0.272819 0.194421 0.760281
54100 0.249616 0.249814 0.201907 0.701337
54200 0.227779 0.206935 0.18962 0.624334
54300 0.222494 0.21312 0.215694 0.651308
54400 0.26719 0.204624 0.233971 0.705786
54500 0.245773 0.255472 0.200556 0.7018
54600 0.23433 0.222463 0.182286 0.639079
54700 0.264977 0.262896 0.193376 0.721249
54800 0.260862 0.241353 0.189815 0.69203
54900 0.288296 0.24751 0.188205 0.724012
55000 0.222357 0.253371 0.202991 0.678719
55100 0.189124 0.255648 0.167158 0.61193
55200 0.207589 0.32479 0.165199 0.697579
55300 0.208223 0.31576 0.187633 0.711616
55400 0.213969 0.310267 0.159198 0.683434
55500 0.225802 0.286931 0.193711 0.706445
55600 0.236257 0.277852 0.197899 0.712008
55700 0.25637 0.269103 0.176708 0.70218
55800 0.280491 0.265572 0.166212 0.712275
55900 0.224669 0.33061 0.157581 0.71286
56000 0.261161 0.292827 0.164145 0.718132
56100 0.275053 0.23908 0.133129 0.647262
56200 0.282224 0.249493 0.175584 0.707302
56300 0.279204 0.265033 0.195521 0.739758
56400 0.249887 0.239753 0.164536 0.654176
56500 0.278846 0.234709 0.203463 0.717017
56600 0.238764 0.218755 0.139285 0.596804
56700 0.293173 0.26287 0.15784 0.713884
56800 0.244211 0.229858 0.195024 0.669093
56900 0.278575 0.297779 0.196793 0.773147
57000 0.273009 0.29569 0.234855 0.803554
57100 0.247729 0.21657 0.203053 0.667353
57200 0.209384 0.307433 0.218303 0.73512
57300 0.247386 0.295942 0.208332 0.751659
57400 0.234539 0.278789 0.171804 0.685132
57500 0.248635 0.195896 0.208632 0.653163
57600 0.261999 0.224986 0.184404 0.671389
57700 0.251616 0.261646 0.196597 0.70986
57800 0.275683 0.257632 0.177509 0.710824
57900 0.264176 0.247906 0.195253 0.707335
58000 0.252993 0.220772 0.250342 0.724107
58100 0.270887 0.232233 0.280714 0.783834
58200 0.262669 0.216463 0.274048 0.75318
58300 0.250892 0.229361 0.265811 0.746064
58400 0.261304 0.186322 0.290782 0.738408
58500 0.285699 0.198779 0.248555 0.733033
58600 0.249373 0.177234 0.259929 0.686536
58700 0.227274 0.213018 0.191683 0.631975
58800 0.241531 0.229634 0.203278 0.674443
58900 0.236737 0.258923 0.180553 0.676212
59000 0.267228 0.229109 0.197785 0.694122
59100 0.172176 0.190905 0.193297 0.556378
59200 0.211076 0.213058 0.199307 0.623441
59300 0.197967 0.228788 0.204847 0.631602
59400 0.214571 0.217755 0.17493 0.607256
59500 0.228352 0.237291 0.197974 0.663617
59600 0.191497 0.247104 0.2469 0.685501
59700 0.163983 0.232014 0.233812 0.629809
59800 0.166019 0.260721 0.194075 0.620815
59900 0.200443 0.224434 0.227201 0.652078
60000 0.212993 0.219841 0.232953 0.665787
60100 0.207718 0.186102 0.206467 0.600287
60200 0.244026 0.203245 0.232131 0.679402
60300 0.201275 0.177825 0.168098 0.547199
60400 0.190758 0.238736 0.175625 0.605119
60500 0.208596 0.177646 0.199459 0.585701
60600 0.260876 0.243287 0.243689 0.747853
60700 0.226342 0.214276 0.161067 0.601686
60800 0.237505 0.228894 0.202241 0.66864
60900 0.251464 0.204205 0.190609 0.646278
61000 0.204787 0.200102 0.193614 0.598503
61100 0.200044 0.228238 0.214201 0.642483
61200 0.239809 0.228076 0.214312 0.682197
61300 0.229988 0.268963 0.222974 0.721925
61400 0.195983 0.186671 0.168248 0.550902
61500 0.169278 0.230921 0.174571 0.57477
61600 0.217609 0.251377 0.226668 0.695654
61700 0.226959 0.207269 0.20559 0.639818
61800 0.219552 0.225535 0.182749 0.627836
61900 0.231617 0.223975 0.18488 0.640473
62000 0.242563 0.238108 0.239196 0.719868
62100 0.191775 0.201601 0.173353 0.56673
62200 0.197784 0.220815 0.247425 0.666024
62300 0.18649 0.243315 0.233653 0.663458
62400 0.187045 0.299703 0.219064 0.705812
62500 0.175193 0.244719 0.214487 0.634398
62600 0.183474 0.265515 0.198855 0.647844
62700 0.187866 0.211756 0.181421 0.581043
62800 0.165015 0.299673 0.227275 0.691964
62900 0.202841 0.234652 0.215966 0.653459
63000 0.209876 0.181097 0.213285 0.604258
63100 0.222848 0.144536 0.207579 0.574964
63200 0.178426 0.188549 0.234036 0.601011
63300 0.212098 0.189386 0.222991 0.624475
63400 0.194035 0.192994 0.250759 0.637787
63500 0.186893 0.144504 0.195199 0.526595
63600 0.184871 0.18271 0.190563 0.558143
63700 0.192563 0.170158 0.230015 0.592736
63800 0.200467 0.173768 0.226687 0.600923
63900 0.232089 0.231278 0.232279 0.695647
64000 0.247422 0.236711 0.22488 0.709012
64100 0.23617 0.200468 0.211335 0.647973
64200 0.224551 0.204549 0.184057 0.613157
64300 0.232703 0.178679 0.164192 0.575574
64400 0.206187 0.236381 0.172704 0.615271
64500 0.201789 0.207626 0.16391 0.573324
64600 0.226161 0.172084 0.166249 0.564494
64700 0.189392 0.215227 0.191099 0.595719
64800 0.230126 0.264094 0.254477 0.748697
64900 0.2305 0.265434 0.240571 0.736505
65000 0.262576 0.249668 0.177404 0.689648
65100 0.25019 0.259969 0.170034 0.680194
65200 0.253362 0.257998 0.2496 0.76096
65300 0.213744 0.26618 0.199311 0.679235
65400 0.155597 0.217278 0.228184 0.60106
65500 0.195293 0.220975 0.186663 0.602931
65600 0.224079 0.218515 0.212785 0.655379
65700 0.246382 0.283949 0.215177 0.745508
65800 0.229078 0.211544 0.223834 0.664456
65900 0.201589 0.245369 0.181087 0.628045
66000 0.231774 0.281095 0.226628 0.739497
66100 0.211991 0.254566 0.218982 0.685539
66200 0.216788 0.209795 0.205085 0.631667
66300 0.199224 0.220847 0.235781 0.655853
66400 0.18385 0.199395 0.192941 0.576186
66500 0.259852 0.242411 0.205093 0.707356
66600 0.222932 0.184511 0.203396 0.61084
66700 0.239134 0.276083 0.202788 0.718005
66800 0.223343 0.213159 0.218354 0.654855
66900 0.196646 0.260423 0.226045 0.683115
67000 0.19148 0.261678 0.210104 0.663263
67100 0.154334 0.1718 0.17273 0.498864
67200 0.178486 0.209628 0.258157 0.646272
67300 0.216301 0.234728 0.191743 0.642772
67400 0.202986 0.288499 0.225106 0.71659
67500 0.207611 0.20773 0.231048 0.64639
67600 0.202664 0.219081 0.206671 0.628416
67700 0.222633 0.224784 0.221043 0.668459
67800 0.218119 0.205553 0.207804 0.631476
67900 0.262491 0.273318 0.197483 0.733292
68000 0.216199 0.255828 0.182504 0.654531
68100 0.206928 0.30228 0.273464 0.782671
68200 0.202796 0.288111 0.246358 0.737265
68300 0.191673 0.26539 0.241638 0.698702
68400 0.252778 0.256302 0.223224 0.732305
68500 0.233763 0.231857 0.180633 0.646253
68600 0.238682 0.290082 0.21279 0.741554
68700 0.266669 0.265878 0.22163 0.754177
68800 0.243327 0.240227 0.169331 0.652885
68900 0.28772 0.283193 0.18713 0.758043
69000 0.207035 0.251817 0.184913 0.643765
69100 0.199448 0.287082 0.184086 0.670616
69200 0.237794 0.27804 0.258452 0.774287
69300 0.198803 0.258274 0.172717 0.629794
69400 0.164547 0.22498 0.128884 0.518411
69500 0.259578 0.272863 0.16619 0.698631
69600 0.239938 0.193094 0.1367 0.569732
69700 0.222972 0.204844 0.171113 0.598928
69800 0.272308 0.225735 0.178889 0.676932
69900 0.234024 0.258326 0.183154 0.675504
70000 0.230569 0.240876 0.157923 0.629368
70100 0.294811 0.212638 0.151066 0.658515
70200 0.254361 0.189413 0.172607 0.61638
70300 0.307785 0.263872 0.139759 0.711416
70400 0.24149 0.257759 0.186493 0.685743
70500 0.218555 0.244261 0.188977 0.651793
70600 0.218846 0.251072 0.155436 0.625355
70700 0.27088 0.25305 0.147347 0.671276
70800 0.206379 0.236733 0.155851 0.598963
70900 0.194749 0.182389 0.171487 0.548626
71000 0.217408 0.230564 0.214897 0.662869
71100 0.192984 0.222993 0.172212 0.58819
71200 0.195356 0.238936 0.175011 0.609302
71300 0.231681 0.246149 0.150506 0.628337
71400 0.189962 0.214634 0.158793 0.563389
71500 0.197461 0.225816 0.202289 0.625566
71600 0.18818 0.1957 0.156848 0.540728
71700 0.201107 0.202438 0.139033 0.542578
71800 0.242013 0.265012 0.179881 0.686905
71900 0.222167 0.228541 0.13347 0.584178
72000 0.23461 0.223872 0.141511 0.599994
72100 0.261724 0.224282 0.156118 0.642124
72200 0.199981 0.220423 0.196711 0.617115
72300 0.187376 0.186467 0.183129 0.556972
72400 0.215819 0.210871 0.171367 0.598057
72500 0.224033 0.215882 0.231937 0.671851
72600 0.216128 0.216219 0.246774 0.67912
72700 0.209328 0.205531 0.216543 0.631401
72800 0.231194 0.188804 0.197553 0.617551
72900 0.189662 0.220215 0.212581 0.622457
73000 0.232147 0.225094 0.219659 0.676899
73100 0.225796 0.176664 0.196979 0.59944
73200 0.217513 0.202857 0.186122 0.606492
73300 0.21885 0.194609 0.20148 0.614939
73400 0.229248 0.18735 0.175048 0.591646
73500 0.229517 0.210977 0.253085 0.693579
73600 0.213942 0.213705 0.232599 0.660247
73700 0.223509 0.254359 0.232231 0.710098
73800 0.216665 0.211071 0.150543 0.578279
73900 0.246297 0.2191 0.21744 0.682837
74000 0.202375 0.219993 0.187622 0.609991
74100 0.214368 0.183408 0.241753 0.639529
74200 0.201749 0.228396 0.177841 0.607987
74300 0.205775 0.242997 0.188598 0.637371
74400 0.230425 0.270239 0.18053 0.681194
74500 0.188338 0.219235 0.159847 0.56742
74600 0.224622 0.191827 0.153527 0.569976
74700 0.251191 0.221644 0.158078 0.630913
74800 0.206156 0.20335 0.185009 0.594515
74900 0.225258 0.207906 0.206813 0.639977
75000 0.227701 0.245199 0.20413 0.67703
75100 0.239247 0.246159 0.191542 0.676948
75200 0.193062 0.209404 0.166416 0.568881
75300 0.261595 0.230552 0.16494 0.657087
75400 0.234509 0.224474 0.192373 0.651356
75500 0.232251 0.214965 0.207569 0.654785
75600 0.207994 0.19087 0.190266 0.58913
75700 0.195688 0.211053 0.168199 0.57494
75800 0.219684 0.21821 0.175349 0.613243
75900 0.193585 0.210561 0.177194 0.58134
76000 0.21847 0.159849 0.210788 0.589108
76100 0.201417 0.162452 0.170324 0.534192
76200 0.200303 0.242593 0.174736 0.617633
76300 0.239471 0.266576 0.190965 0.697012
76400 0.184917 0.250983 0.207476 0.643375
76500 0.189192 0.222099 0.210175 0.621466
76600 0.216837 0.242635 0.178866 0.638339
76700 0.200846 0.229532 0.208699 0.639077
76800 0.282821 0.221493 0.209867 0.714181
76900 0.26021 0.268481 0.221559 0.750249
77000 0.232903 0.253601 0.16594 0.652444
77100 0.248156 0.249594 0.210496 0.708245
77200 0.211666 0.167838 0.196526 0.57603
77300 0.232703 0.238403 0.191053 0.662159
77400 0.202445 0.265609 0.212772 0.680826
77500 0.20585 0.209464 0.211682 0.626995
77600 0.236725 0.26902 0.225481 0.731225
77700 0.245374 0.275717 0.225033 0.746125
77800 0.21652 0.229558 0.22712 0.673198
77900 0.220042 0.228079 0.193887 0.642008
78000 0.27716 0.195692 0.198269 0.671121
78100 0.276418 0.236564 0.215434 0.728416
78200 0.275191 0.275531 0.214757 0.765479
78300 0.203814 0.255154 0.21081 0.669778
78400 0.244765 0.287558 0.188982 0.721306
78500 0.241329 0.234995 0.195933 0.672258
78600 0.231009 0.228569 0.231504 0.691082
78700 0.254365 0.313261 0.231838 0.799464
78800 0.207155 0.271727 0.195911 0.674793
78900 0.216424 0.261262 0.194182 0.671868
79000 0.187827 0.277253 0.193796 0.658876
79100 0.239223 0.282315 0.22688 0.748418
79200 0.237259 0.262282 0.209973 0.709514
79300 0.240248 0.225029 0.271252 0.736528
79400 0.267738 0.228247 0.250942 0.746927
79500 0.258623 0.259057 0.207059 0.724739
79600 0.174139 0.249731 0.208621 0.63249
79700 0.190951 0.274934 0.232451 0.698336
79800 0.217473 0.252196 0.233304 0.702973
79900 0.23774 0.280996 0.217921 0.736657
80000 0.238907 0.240439 0.25498 0.734326
80100 0.23295 0.271287 0.204989 0.709226
80200 0.252814 0.239701 0.175819 0.668335
80300 0.233833 0.218496 0.206848 0.659176
80400 0.250541 0.188957 0.237013 0.676511
80500 0.203289 0.248445 0.189683 0.641417
80600 0.257994 0.236514 0.196164 0.690672
80700 0.280591 0.215109 0.221606 0.717306
80800 0.305879 0.22139 0.186128 0.713397
80900 0.248553 0.25976 0.20507 0.713384
81000 0.25695 0.214504 0.24393 0.715384
81100 0.287805 0.224365 0.228183 0.740352
81200 0.30418 0.192465 0.269819 0.766464
81300 0.312293 0.203909 0.248572 0.764774
81400 0.281383 0.256901 0.22981 0.768095
81500 0.23758 0.24034 0.213053 0.690973
81600 0.268013 0.195517 0.230856 0.694386
81700 0.282842 0.20423 0.204247 0.691319
81800 0.293832 0.187862 0.209336 0.69103
81900 0.308241 0.201641 0.197011 0.706892
82000 0.302994 0.183648 0.21203 0.698672
82100 0.25137 0.173582 0.217133 0.642085
82200 0.216771 0.184484 0.221906 0.623161
82300 0.277385 0.236152 0.201268 0.714805
82400 0.274393 0.23007 0.220262 0.724725
82500 0.255089 0.2098 0.220234 0.685123
82600 0.29688 0.211126 0.245023 0.753029
82700 0.217898 0.236809 0.196239 0.650946
82800 0.18334 0.201697 0.223943 0.608981
82900 0.184175 0.201959 0.192875 0.579009
83000 0.240311 0.190287 0.185336 0.615934
83100 0.244047 0.215224 0.23178 0.691051
83200 0.18738 0.199119 0.224086 0.610584
83300 0.19714 0.19927 0.228796 0.625206
83400 0.2666 0.240586 0.214522 0.721708
83500 0.195214 0.200304 0.185872 0.581389
83600 0.181525 0.208165 0.183025 0.572716
83700 0.215692 0.269196 0.212266 0.697154
83800 0.211408 0.228223 0.19205 0.631682
83900 0.209316 0.223255 0.231663 0.664234
84000 0.248184 0.23686 0.207056 0.6921
84100 0.24515 0.218462 0.224252 0.687863
84200 0.250049 0.23843 0.175361 0.66384
84300 0.216386 0.250816 0.164667 0.631868
84400 0.245865 0.229585 0.193363 0.668812
84500 0.248541 0.198448 0.169566 0.616555
84600 0.218377 0.202211 0.18676 0.607348
84700 0.198921 0.218578 0.174198 0.591696
84800 0.189908 0.245266 0.177752 0.612926
84900 0.210803 0.258532 0.195574 0.66491
85000 0.222185 0.243171 0.197915 0.663271
85100 0.229183 0.220579 0.210417 0.66018
85200 0.190635 0.203282 0.202397 0.596314
85300 0.173863 0.169677 0.166987 0.510527
85400 0.20041 0.181824 0.174943 0.557177
85500 0.199001 0.19386 0.216984 0.609845
85600 0.196546 0.236025 0.196095 0.628666
85700 0.221142 0.184288 0.249719 0.655149
85800 0.194895 0.26768 0.228355 0.69093
85900 0.251036 0.26351 0.183795 0.69834
86000 0.263339 0.216222 0.209926 0.689487
86100 0.283386 0.250025 0.212775 0.746186
86200 0.246401 0.252797 0.226074 0.725273
86300 0.236689 0.227515 0.228509 0.692714
86400 0.258633 0.223047 0.178396 0.660076
86500 0.207208 0.205977 0.181538 0.594723
86600 0.160112 0.234226 0.21226 0.606598
86700 0.239634 0.263723 0.189649 0.693006
86800 0.174138 0.192407 0.153691 0.520237
86900 0.205777 0.264371 0.221772 0.69192
87000 0.23859 0.190649 0.180408 0.609648
87100 0.200055 0.214234 0.229686 0.643974
87200 0.248419 0.202544 0.204548 0.655511
87300 0.195035 0.182572 0.164954 0.542561
87400 0.189454 0.203334 0.173794 0.566583
87500 0.175136 0.269295 0.193599 0.638031
87600 0.176675 0.261288 0.169026 0.606989
87700 0.187827 0.217478 0.172893 0.578198
87800 0.199216 0.220453 0.206121 0.62579
87900 0.207433 0.30465 0.21693 0.729014
88000 0.177282 0.271319 0.174258 0.62286
88100 0.126151 0.281636 0.207855 0.615642
88200 0.1358 0.249386 0.146692 0.531877
88300 0.161492 0.264815 0.218248 0.644555
88400 0.182903 0.18521 0.168288 0.536401
88500 0.146911 0.234449 0.151003 0.532363
88600 0.195824 0.272136 0.173291 0.64125
88700 0.178556 0.171316 0.202897 0.55277
88800 0.142919 0.283488 0.196111 0.622518
88900 0.215327 0.273001 0.184829 0.673158
89000 0.195882 0.214529 0.193622 0.604032
89100 0.210689 0.291379 0.237155 0.739222
89200 0.229525 0.313114 0.201043 0.743682
89300 0.243206 0.322097 0.215575 0.780878
89400 0.273442 0.323497 0.269916 0.866855
89500 0.224149 0.287759 0.288831 0.800738
89600 0.253831 0.319311 0.272629 0.845771
89700 0.262837 0.298915 0.22884 0.790591
89800 0.214768 0.244379 0.228116 0.687263
89900 0.181304 0.220394 0.227708 0.629405
90000 0.22967 0.249495 0.230046 0.709211
90100 0.235627 0.2397 0.218978 0.694305
90200 0.21791 0.256756 0.207751 0.682418
90300 0.204967 0.224862 0.210823 0.640652
90400 0.250734 0.282153 0.212525 0.745412
90500 0.224814 0.291204 0.188095 0.704114
90600 0.221424 0.232763 0.209318 0.663505
90700 0.207109 0.184509 0.191199 0.582817
90800 0.252674 0.189541 0.204371 0.646586
90900 0.252585 0.170921 0.211442 0.634947
91000 0.257391 0.266492 0.205444 0.729327
91100 0.210861 0.262183 0.221117 0.694161
91200 0.188681 0.23564 0.227588 0.65191
91300 0.221282 0.25536 0.214792 0.691434
91400 0.215763 0.273958 0.158691 0.648411
91500 0.161066 0.155422 0.186511 0.503
91600 0.157098 0.224392 0.230271 0.611761
91700 0.169422 0.221655 0.165182 0.556259
91800 0.236846 0.171071 0.195733 0.60365
91900 0.222076 0.205675 0.198496 0.626247
92000 0.210125 0.259434 0.188623 0.658182
92100 0.198855 0.179883 0.195754 0.574492
92200 0.162926 0.222182 0.175955 0.561063
92300 0.200012 0.195007 0.175299 0.570318
92400 0.211138 0.234383 0.187676 0.633197
92500 0.191596 0.229091 0.185225 0.605912
92600 0.247023 0.231979 0.204376 0.683379
92700 0.238677 0.258212 0.189018 0.685907
92800 0.187996 0.239573 0.157129 0.584698
92900 0.203815 0.254734 0.224933 0.683482
93000 0.219424 0.238824 0.239572 0.69782
93100 0.281947 0.209578 0.201738 0.693263
93200 0.261095 0.275086 0.19508 0.73126
93300 0.281007 0.246687 0.223841 0.751534
93400 0.249015 0.256772 0.172538 0.678326
93500 0.229184 0.260241 0.22147 0.710894
93600 0.206758 0.234035 0.200248 0.64104
93700 0.288853 0.235818 0.241491 0.766162
93800 0.263599 0.224376 0.258924 0.746899
93900 0.296133 0.27949 0.248701 0.824325
94000 0.247867 0.309728 0.310991 0.868586
94100 0.265776 0.298285 0.237551 0.801612
94200 0.235167 0.294923 0.220364 0.750455
94300 0.243972 0.292594 0.239114 0.77568
94400 0.286163 0.312541 0.233991 0.832694
94500 0.31089 0.273256 0.192968 0.777113
94600 0.247195 0.241475 0.217133 0.705803
94700 0.236122 0.293059 0.228938 0.758119
94800 0.293581 0.329063 0.226917 0.849561
94900 0.222554 0.271587 0.224175 0.718316
95000 0.258787 0.288552 0.24638 0.793719
95100 0.250863 0.329029 0.214664 0.794555
95200 0.246994 0.297059 0.201599 0.745652
95300 0.306373 0.319002 0.280085 0.90546
95400 0.25766 0.292568 0.255227 0.805454
95500 0.289776 0.290821 0.272061 0.852658
95600 0.233845 0.314382 0.254644 0.802871
95700 0.271497 0.297708 0.203991 0.773196
95800 0.246976 0.223364 0.186631 0.65697
95900 0.23925 0.214017 0.214049 0.667316
96000 0.292922 0.217039 0.214627 0.724589
96100 0.263166 0.194968 0.194459 0.652593
96200 0.315939 0.189947 0.16968 0.675566
96300 0.248166 0.225245 0.189114 0.662525
96400 0.234803 0.232478 0.175452 0.642733
96500 0.244825 0.220725 0.252027 0.717577
96600 0.245065 0.195342 0.258859 0.699266
96700 0.224704 0.223479 0.261535 0.709717
96800 0.212345 0.284081 0.239902 0.736328
96900 0.23128 0.204761 0.215564 0.651605
97000 0.215698 0.305011 0.248796 0.769505
97100 0.226362 0.218662 0.251778 0.696802
97200 0.20505 0.244055 0.245498 0.694603
97300 0.230372 0.186102 0.228611 0.645085
97400 0.209012 0.210597 0.17936 0.598968
97500 0.21396 0.169906 0.211976 0.595842
97600 0.248499 0.221566 0.225416 0.695481
97700 0.182494 0.186257 0.192802 0.561553
97800 0.205715 0.164548 0.198307 0.568571
97900 0.215313 0.202767 0.208205 0.626285
98000 0.214021 0.217722 0.215491 0.647234
98100 0.166376 0.194989 0.180078 0.541442
98200 0.158093 0.171255 0.213259 0.542607
98300 0.240629 0.241096 0.230265 0.71199
98400 0.210406 0.186681 0.208277 0.605363
98500 0.249949 0.233199 0.23625 0.719397
98600 0.26182 0.194364 0.248812 0.704996
98700 0.266387 0.193095 0.237638 0.697121
98800 0.248465 0.256462 0.240675 0.745602
98900 0.21935 0.234178 0.235924 0.689452
99000 0.260167 0.229709 0.288543 0.778419
99100 0.201377 0.195598 0.177913 0.574889
99200 0.223082 0.215736 0.225039 0.663857
99300 0.273684 0.215263 0.206 0.694946
99400 0.215503 0.176383 0.256245 0.648131
99500 0.224008 0.227544 0.212457 0.664009
99600 0.297776 0.177849 0.20354 0.679165
99700 0.283794 0.190834 0.244952 0.71958
99800 0.280898 0.220879 0.230555 0.732333
99900 0.256899 0.261038 0.241976 0.759914
100000 0.256924 0.206642 0.256606 0.720172
100100 0.237034 0.229516 0.289029 0.755579
100200 0.276666 0.191347 0.289822 0.757835
100300 0.280833 0.271911 0.205983 0.758727
100400 0.228686 0.216883 0.236374 0.681944
100500 0.245304 0.222423 0.222777 0.690503
100600 0.252433 0.183559 0.202817 0.638809
100700 0.224454 0.27582 0.178281 0.678556
100800 0.22357 0.283449 0.239277 0.746296
100900 0.241768 0.245603 0.255335 0.742706
101000 0.207034 0.219872 0.223002 0.649908
101100 0.201228 0.242707 0.218706 0.66264
101200 0.200349 0.231154 0.227461 0.658964
101300 0.227998 0.241301 0.229152 0.698451
101400 0.22114 0.233161 0.201765 0.656065
101500 0.20836 0.263617 0.224616 0.696593
101600 0.226168 0.228863 0.235331 0.690362
101700 0.26692 0.205309 0.253582 0.725811
101800 0.25751 0.262753 0.228083 0.748345
101900 0.242816 0.218572 0.192498 0.653887
102000 0.268937 0.252659 0.215449 0.737045
102100 0.256924 0.246273 0.165513 0.668711
102200 0.209255 0.246739 0.210535 0.666528
102300 0.274667 0.244401 0.175059 0.694127
102400 0.259878 0.224749 0.20872 0.693348
102500 0.21675 0.223564 0.203675 0.643989
102600 0.258996 0.213762 0.194518 0.667276
102700 0.279321 0.225072 0.226727 0.731119
102800 0.248326 0.240016 0.252321 0.740664
102900 0.239584 0.226266 0.263215 0.729065
103000 0.267628 0.249507 0.248598 0.765733
103100 0.233544 0.25912 0.240206 0.73287
103200 0.238567 0.25514 0.263355 0.757062
103300 0.24352 0.234552 0.201179 0.679251
103400 0.242422 0.246566 0.216933 0.705921
103500 0.293934 0.241158 0.177275 0.712367
103600 0.225915 0.250751 0.207755 0.684421
103700 0.254479 0.24543 0.250833 0.750742
103800 0.24962 0.287983 0.191644 0.729247
103900 0.211251 0.255078 0.156106 0.622434
104000 0.250048 0.250826 0.170272 0.671146
104100 0.229252 0.315407 0.177532 0.72219
104200 0.265552 0.307136 0.188026 0.760714
104300 0.21014 0.260324 0.201718 0.672182
104400 0.209039 0.235137 0.165022 0.609197
104500 0.226174 0.251552 0.180599 0.658325
104600 0.208903 0.272871 0.178126 0.6599
104700 0.199359 0.221725 0.175523 0.596607
104800 0.221406 0.296316 0.192327 0.710049
104900 0.22535 0.23603 0.186234 0.647614
105000 0.257784 0.244582 0.216958 0.719324
105100 0.280921 0.224639 0.194499 0.700059
105200 0.251524 0.242266 0.188676 0.682467
105300 0.230848 0.234803 0.162712 0.628363
105400 0.199833 0.207214 0.209792 0.616839
105500 0.207561 0.228504 0.189296 0.625361
105600 0.246398 0.199855 0.142913 0.589166
105700 0.248267 0.253727 0.231255 0.733249
105800 0.208212 0.177647 0.182259 0.568118
105900 0.228215 0.213149 0.153228 0.594592
106000 0.204487 0.266766 0.178805 0.650058
106100 0.222143 0.198191 0.186905 0.60724
106200 0.198233 0.168952 0.192401 0.559586
106300 0.217016 0.220272 0.156818 0.594107
106400 0.22955 0.200531 0.187146 0.617227
106500 0.209232 0.240725 0.232032 0.681989
106600 0.228426 0.20169 0.20459 0.634706
106700 0.222752 0.202324 0.180522 0.605598
106800 0.249112 0.232859 0.185332 0.667303
106900 0.247566 0.188051 0.220588 0.656205
107000 0.236233 0.278578 0.217897 0.732708
107100 0.171181 0.224963 0.170798 0.566942
107200 0.216108 0.172695 0.166632 0.555435
107300 0.227065 0.248548 0.19353 0.669142
107400 0.225818 0.254028 0.190774 0.670619
107500 0.21178 0.218732 0.193297 0.623809
107600 0.231564 0.192177 0.177647 0.601389
107700 0.220892 0.228007 0.175656 0.624554
107800 0.243211 0.196946 0.173393 0.61355
107900 0.202551 0.206542 0.159889 0.568982
108000 0.209988 0.237719 0.159962 0.607669
108100 0.217085 0.22287 0.174075 0.61403
108200 0.192734 0.225567 0.193198 0.611498
108300 0.23699 0.18858 0.216463 0.642033
108400 0.237363 0.221457 0.165428 0.624248
108500 0.247075 0.23595 0.208989 0.692014
108600 0.215278 0.20523 0.202592 0.6231
108700 0.254775 0.259794 0.22569 0.740258
108800 0.255906 0.203526 0.229023 0.688455
108900 0.224351 0.220539 0.28962 0.73451
109000 0.192252 0.200058 0.283193 0.675503
109100 0.221491 0.229348 0.263815 0.714653
109200 0.335901 0.217073 0.287965 0.840939
109300 0.216991 0.23475 0.205887 0.657628
109400 0.215479 0.234711 0.194544 0.644734
109500 0.204431 0.21205 0.230606 0.647088
109600 0.263543 0.242368 0.253201 0.759112
109700 0.203758 0.215223 0.190009 0.60899
109800 0.223531 0.268571 0.209619 0.701721
109900 0.246408 0.221587 0.247347 0.715343
110000 0.284939 0.2217 0.239628 0.746266
110100 0.261883 0.219923 0.221211 0.703017
110200 0.281749 0.241012 0.230989 0.75375
110300 0.205572 0.249157 0.249689 0.704418
110400 0.257066 0.215466 0.205983 0.678515
110500 0.239561 0.201127 0.216708 0.657396
110600 0.251178 0.1987 0.274105 0.723982
110700 0.236148 0.270341 0.228041 0.73453
110800 0.272291 0.227359 0.273841 0.773491
110900 0.239106 0.266493 0.230115 0.735714
111000 0.207724 0.262611 0.220493 0.690827
111100 0.1822 0.240351 0.185366 0.607917
111200 0.175135 0.248668 0.164326 0.588129
111300 0.182335 0.279997 0.202618 0.66495
111400 0.238092 0.240057 0.202221 0.680371
111500 0.204243 0.293409 0.218461 0.716113
111600 0.204886 0.250298 0.196141 0.651325
111700 0.231871 0.21946 0.189933 0.641265
111800 0.238298 0.244364 0.239492 0.722155
111900 0.258426 0.241729 0.240291 0.740446
112000 0.253046 0.25543 0.23956 0.748037
112100 0.27918 0.213946 0.264558 0.757684
112200 0.23773 0.264331 0.228545 0.730605
112300 0.203151 0.244065 0.226246 0.673462
112400 0.226908 0.273872 0.24381 0.74459
112500 0.247779 0.317641 0.239357 0.804777
112600 0.182128 0.276887 0.218535 0.677551
112700 0.181078 0.263271 0.210944 0.655294
112800 0.198547 0.289829 0.248313 0.736688
112900 0.147018 0.303286 0.234078 0.684382
113000 0.246075 0.332191 0.195476 0.773743
113100 0.216841 0.302951 0.273414 0.793206
113200 0.255599 0.373638 0.289307 0.918544
113300 0.200818 0.277765 0.264184 0.742767
113400 0.199178 0.248295 0.281782 0.729254
113500 0.264504 0.331863 0.290778 0.887146
113600 0.271028 0.285869 0.228203 0.7851
113700 0.256929 0.317577 0.250451 0.824957
113800 0.281606 0.238775 0.266597 0.786978
113900 0.244363 0.223582 0.18701 0.654955
114000 0.238228 0.247048 0.227718 0.712994
114100 0.266142 0.228479 0.230466 0.725087
114200 0.247937 0.311196 0.287674 0.846808
114300 0.290816 0.212239 0.174714 0.67777
114400 0.224875 0.26592 0.221022 0.711817
114500 0.292875 0.243356 0.202772 0.739004
114600 0.267954 0.273426 0.239423 0.780803
114700 0.255986 0.31959 0.267939 0.843515
114800 0.30544 0.332081 0.234869 0.87239
114900 0.21797 0.316626 0.225125 0.759721
115000 0.229465 0.281563 0.218339 0.729367
115100 0.213942 0.262578 0.216652 0.693172
115200 0.232173 0.346002 0.192324 0.770498
115300 0.231533 0.262216 0.185549 0.679298
115400 0.249251 0.227689 0.17845 0.655391
115500 0.267158 0.303868 0.224435 0.795461
115600 0.231883 0.29395 0.19857 0.724402
115700 0.207132 0.309169 0.185669 0.701969
115800 0.2451 0.313885 0.222439 0.781424
115900 0.208647 0.317924 0.212748 0.739319
116000 0.270745 0.313043 0.202434 0.786222
116100 0.215849 0.273591 0.156513 0.645953
116200 0.230005 0.227957 0.179365 0.637327
116300 0.18057 0.322964 0.229479 0.733013
116400 0.184493 0.315866 0.203119 0.703477
116500 0.190757 0.268461 0.144472 0.60369
116600 0.226905 0.31302 0.19098 0.730906
116700 0.276943 0.252226 0.2081 0.737269
116800 0.243351 0.255291 0.159082 0.657724
116900 0.226088 0.256527 0.165007 0.647622
117000 0.249576 0.2595 0.174549 0.683625
117100 0.225496 0.212023 0.200464 0.637983
117200 0.243713 0.270941 0.216609 0.731263
117300 0.229055 0.258301 0.233132 0.720487
117400 0.255706 0.21858 0.193965 0.668251
117500 0.225701 0.246555 0.19389 0.666145
117600 0.233547 0.205778 0.177381 0.616705
117700 0.253187 0.205763 0.255097 0.714046
117800 0.220717 0.210134 0.237322 0.668173
117900 0.260903 0.243891 0.216152 0.720947
118000 0.345395 0.27142 0.207835 0.82465
118100 0.3171 0.279265 0.181706 0.77807
118200 0.29392 0.254583 0.199682 0.748185
118300 0.275233 0.253064 0.181273 0.709569
118400 0.249722 0.242027 0.179999 0.671748
118500 0.238403 0.193104 0.194964 0.626471
118600 0.28087 0.238107 0.203258 0.722234
118700 0.233767 0.208004 0.186568 0.628339
118800 0.231927 0.242827 0.183322 0.658077
118900 0.268607 0.263584 0.207055 0.739247
119000 0.258031 0.291096 0.202656 0.751783
119100 0.247475 0.234826 0.204432 0.686733
119200 0.289112 0.342097 0.203543 0.834751
119300 0.281681 0.309282 0.251456 0.842418
119400 0.27145 0.257829 0.203061 0.73234
119500 0.195526 0.268579 0.23069 0.694796
119600 0.260586 0.252848 0.215929 0.729363
119700 0.252122 0.269813 0.242505 0.76444
119800 0.234232 0.256114 0.205509 0.695855
119900 0.25113 0.267588 0.233957 0.752675
120000 0.239433 0.234966 0.237426 0.711826
120100 0.239008 0.239978 0.207562 0.686548
120200 0.30493 0.30294 0.206739 0.814609
120300 0.29538 0.264932 0.22426 0.784573
120400 0.290153 0.277334 0.257153 0.82464
120500 0.289712 0.263908 0.268582 0.822202
120600 0.273524 0.232889 0.235038 0.741451
120700 0.306873 0.208697 0.204689 0.720258
120800 0.335561 0.265789 0.212039 0.813389
120900 0.267635 0.267241 0.15903 0.693906
121000 0.218839 0.22228 0.147506 0.588625
121100 0.259446 0.211731 0.1873 0.658477
121200 0.237741 0.246835 0.177175 0.661751
121300 0.322864 0.264821 0.242412 0.830097
121400 0.251708 0.284834 0.198009 0.734551
121500 0.257869 0.236749 0.218876 0.713494
121600 0.197505 0.285265 0.164193 0.646963
121700 0.183158 0.298746 0.188466 0.67037
121800 0.208017 0.280664 0.230268 0.718948
121900 0.249498 0.272546 0.235005 0.75705
122000 0.250522 0.291317 0.231573 0.773412
122100 0.247464 0.286001 0.199303 0.732767
122200 0.191206 0.227599 0.236177 0.654982
122300 0.190845 0.213304 0.259215 0.663364
122400 0.193018 0.213806 0.259553 0.666377
122500 0.24367 0.262814 0.217106 0.72359
122600 0.217921 0.187134 0.245731 0.650786
122700 0.226667 0.240342 0.133432 0.600441
122800 0.233424 0.257012 0.179208 0.669645
122900 0.231295 0.237401 0.209179 0.677876
123000 0.23488 0.21633 0.18326 0.634469
123100 0.267266 0.280256 0.192159 0.739682
123200 0.247009 0.216475 0.192438 0.655922
123300 0.229753 0.220361 0.182905 0.63302
123400 0.206715 0.273936 0.183452 0.664104
123500 0.201335 0.267253 0.168367 0.636955
123600 0.234834 0.261282 0.186939 0.683055
123700 0.232256 0.299837 0.214506 0.746599
123800 0.239235 0.295737 0.203607 0.73858
123900 0.204297 0.303479 0.208326 0.716102
124000 0.268924 0.318673 0.253553 0.84115
124100 0.23946 0.259119 0.259545 0.758123
124200 0.234659 0.262685 0.228358 0.725702
124300 0.259155 0.278054 0.219634 0.756843
124400 0.249676 0.250144 0.247674 0.747494
124500 0.287499 0.265709 0.258408 0.811615
124600 0.268357 0.232741 0.194798 0.695895
124700 0.233373 0.255474 0.193549 0.682396
124800 0.240218 0.272687 0.210665 0.72357
124900 0.216423 0.3103 0.213607 0.74033
125000 0.271899 0.25385 0.188257 0.714005
125100 0.276923 0.223741 0.196632 0.697295
125200 0.261958 0.220419 0.210384 0.692761
125300 0.185053 0.256001 0.214738 0.655792
125400 0.191125 0.207153 0.184281 0.582559
125500 0.21716 0.229738 0.179927 0.626826
125600 0.161115 0.228939 0.20369 0.593745
125700 0.226716 0.344484 0.259112 0.830312
125800 0.23396 0.278992 0.25562 0.768571
125900 0.253455 0.275494 0.224043 0.752992
126000 0.283186 0.273996 0.253762 0.810944
126100 0.240237 0.284062 0.21218 0.736479
126200 0.270318 0.274059 0.244576 0.788953
126300 0.263024 0.213045 0.205987 0.682056
126400 0.293724 0.274256 0.242497 0.810478
126500 0.257599 0.224357 0.188417 0.670373
126600 0.302958 0.251392 0.225942 0.780292
126700 0.241669 0.256434 0.191778 0.689882
126800 0.263237 0.202231 0.211737 0.677204
126900 0.272727 0.235303 0.134809 0.642839
127000 0.296962 0.241318 0.196445 0.734725
127100 0.25159 0.176824 0.17228 0.600693
127200 0.25449 0.224486 0.187356 0.666332
127300 0.266792 0.275451 0.201641 0.743884
127400 0.282633 0.293866 0.20639 0.782888
127500 0.273816 0.247042 0.203152 0.72401
127600 0.275978 0.258734 0.204493 0.739205
127700 0.260983 0.251866 0.212541 0.725389
127800 0.326371 0.234961 0.197961 0.759293
127900 0.260418 0.225147 0.224764 0.710329
128000 0.269938 0.159719 0.191486 0.621144
128100 0.324568 0.220639 0.186016 0.731223
128200 0.286655 0.21337 0.181235 0.681259
128300 0.24931 0.288669 0.2146 0.752579
128400 0.248128 0.259943 0.214786 0.722857
128500 0.278392 0.275852 0.19771 0.751954
128600 0.276689 0.259419 0.176494 0.712603
128700 0.239425 0.226537 0.151534 0.617496
128800 0.27003 0.220908 0.192327 0.683265
128900 0.294794 0.282788 0.187661 0.765244
129000 0.304704 0.248399 0.209902 0.763004
129100 0.217638 0.240653 0.174815 0.633106
129200 0.278839 0.321542 0.179494 0.779875
129300 0.299363 0.260782 0.203777 0.763922
129400 0.32485 0.281665 0.185071 0.791586
129500 0.318912 0.247476 0.201398 0.767786
129600 0.321643 0.283365 0.240909 0.845918
129700 0.271487 0.262492 0.194187 0.728166
129800 0.341859 0.326029 0.160358 0.828246
129900 0.306192 0.270986 0.168335 0.745513
130000 0.302508 0.274278 0.164524 0.74131
130100 0.31268 0.258106 0.197545 0.768331
130200 0.306726 0.228033 0.187143 0.721901
130300 0.278236 0.225142 0.1773 0.680677
130400 0.315469 0.23642 0.171219 0.723108
130500 0.337315 0.204644 0.218035 0.759994
130600 0.296844 0.202377 0.241346 0.740567
130700 0.295211 0.207374 0.219523 0.722108
130800 0.275446 0.306826 0.164464 0.746736
130900 0.3102 0.20838 0.179422 0.698002
131000 0.237629 0.194526 0.202665 0.634819
131100 0.276797 0.238272 0.207983 0.723052
131200 0.228501 0.211199 0.186355 0.626055
131300 0.254526 0.261729 0.203791 0.720046
131400 0.266242 0.215262 0.127921 0.609425
131500 0.244338 0.203591 0.172255 0.620184
131600 0.243653 0.245728 0.274947 0.764328
131700 0.289898 0.229124 0.225514 0.744536
131800 0.233064 0.260218 0.20342 0.696701
131900 0.259562 0.17109 0.163656 0.594308
132000 0.219947 0.232337 0.189643 0.641926
132100 0.293529 0.214444 0.179738 0.687711
132200 0.264966 0.193037 0.248922 0.706924
132300 0.212361 0.194822 0.186376 0.593559
132400 0.265021 0.215567 0.224931 0.705519
132500 0.244665 0.204662 0.21089 0.660218
132600 0.268608 0.233942 0.199069 0.701619
132700 0.261202 0.262611 0.231143 0.754956
132800 0.222831 0.274728 0.18187 0.679429
132900 0.266595 0.256953 0.232113 0.755661
133000 0.230335 0.264567 0.217769 0.712671
133100 0.262876 0.256065 0.203283 0.722224
133200 0.204934 0.202649 0.177311 0.584894
133300 0.230654 0.251983 0.174634 0.657272
133400 0.209003 0.224353 0.208422 0.641778
133500 0.27188 0.264272 0.194793 0.730944
133600 0.242187 0.197934 0.20561 0.645732
133700 0.263831 0.219163 0.192754 0.675748
133800 0.247593 0.160339 0.205668 0.6136
133900 0.279534 0.209349 0.211811 0.700694
134000 0.246661 0.24077 0.233004 0.720435
134100 0.249869 0.216429 0.212354 0.678653
134200 0.20009 0.198474 0.210091 0.608654
134300 0.212821 0.188782 0.216499 0.618102
134400 0.232184 0.215541 0.235593 0.683318
134500 0.213938 0.193122 0.241396 0.648456
134600 0.282676 0.234816 0.238133 0.755626
134700 0.214834 0.262238 0.211447 0.688518
134800 0.267541 0.198149 0.196342 0.662032
134900 0.293218 0.193175 0.188489 0.674882
135000 0.247368 0.191391 0.225533 0.664291
135100 0.223763 0.253336 0.188337 0.665436
135200 0.221661 0.251036 0.175156 0.647852
135300 0.26371 0.257825 0.19003 0.711566
135400 0.309813 0.219892 0.195866 0.725571
135500 0.269772 0.244008 0.207938 0.721718
135600 0.265738 0.249151 0.252425 0.767314
135700 0.23618 0.215224 0.216282 0.667685
135800 0.21997 0.209552 0.186197 0.615718
135900 0.252339 0.171124 0.212031 0.635495
136000 0.282382 0.183567 0.179631 0.64558
136100 0.251542 0.174622 0.197759 0.623923
136200 0.229968 0.156128 0.291536 0.677632
136300 0.268935 0.217731 0.19017 0.676836
136400 0.253913 0.222091 0.234583 0.710588
136500 0.277084 0.218952 0.21195 0.707987
136600 0.255839 0.229769 0.167977 0.653586
136700 0.263358 0.169368 0.191463 0.624189
136800 0.332653 0.270031 0.203018 0.805703
136900 0.233231 0.205788 0.20171 0.640729
137000 0.227243 0.219124 0.217411 0.663777
137100 0.246735 0.259094 0.202266 0.708095
137200 0.237792 0.272354 0.206401 0.716548
137300 0.280333 0.256152 0.224269 0.760754
137400 0.219057 0.233751 0.203905 0.656712
137500 0.232713 0.215153 0.197451 0.645317
137600 0.239249 0.218698 0.246564 0.704511
137700 0.206828 0.215456 0.224532 0.646816
137800 0.218359 0.208865 0.175133 0.602357
137900 0.187992 0.204057 0.200112 0.592161
138000 0.204702 0.233109 0.206866 0.644676
138100 0.17353 0.242016 0.200807 0.616353
138200 0.248077 0.220338 0.251075 0.71949
138300 0.186009 0.151162 0.224354 0.561525
138400 0.252322 0.159252 0.1995 0.611073
138500 0.183619 0.227863 0.175798 0.587279
138600 0.218712 0.24623 0.183046 0.647988
138700 0.249346 0.225242 0.171152 0.64574
138800 0.200369 0.245088 0.187191 0.632648
138900 0.283678 0.255553 0.177199 0.71643
139000 0.208003 0.249925 0.172621 0.630548
139100 0.237168 0.212906 0.204308 0.654382
139200 0.257967 0.182372 0.192556 0.632894
139300 0.277836 0.259404 0.24328 0.78052
139400 0.221574 0.264635 0.187071 0.67328
139500 0.247983 0.32036 0.241969 0.810312
139600 0.253119 0.271933 0.221307 0.746358
139700 0.225239 0.215336 0.188771 0.629345
139800 0.258122 0.253951 0.260387 0.772461
139900 0.30399 0.244468 0.183243 0.731702
140000 0.290276 0.291471 0.249427 0.831174
140100 0.299425 0.238469 0.233789 0.771683
140200 0.27908 0.261095 0.211284 0.751459
140300 0.295792 0.242326 0.185127 0.723244
140400 0.264673 0.238337 0.261234 0.764244
140500 0.268084 0.255691 0.206218 0.729993
140600 0.252146 0.303787 0.184585 0.740518
140700 0.216933 0.24254 0.18439 0.643863
140800 0.223012 0.299697 0.242307 0.765017
140900 0.256546 0.27982 0.215767 0.752133
141000 0.2429 0.263912 0.272446 0.779258
141100 0.17164 0.23052 0.158453 0.560613
141200 0.211752 0.242021 0.179644 0.633417
141300 0.213109 0.241351 0.167985 0.622445
141400 0.187669 0.244803 0.182205 0.614676
141500 0.234897 0.293621 0.220109 0.748627
141600 0.239612 0.31576 0.162058 0.717431
141700 0.212059 0.277096 0.157462 0.646618
141800 0.189852 0.310715 0.219012 0.719578
141900 0.209393 0.266337 0.180669 0.6564
142000 0.185846 0.219965 0.155295 0.561106
142100 0.214798 0.214075 0.172614 0.601488
142200 0.228486 0.288995 0.195842 0.713324
142300 0.208979 0.303326 0.193351 0.705657
142400 0.206799 0.268438 0.217758 0.692995
142500 0.191132 0.233845 0.211549 0.636526
142600 0.207032 0.241044 0.184959 0.633035
142700 0.186847 0.22059 0.196412 0.603849
142800 0.224257 0.28304 0.211853 0.71915
142900 0.224402 0.295662 0.206879 0.726944
143000 0.244572 0.274062 0.211137 0.729772
143100 0.233215 0.223397 0.217169 0.673781
143200 0.191663 0.194197 0.21428 0.60014
143300 0.191717 0.222337 0.202878 0.616932
143400 0.208853 0.202407 0.141961 0.553221
143500 0.184124 0.221616 0.20058 0.60632
143600 0.205542 0.237773 0.136853 0.580168
143700 0.176131 0.249392 0.187649 0.613171
143800 0.169965 0.275206 0.173438 0.618608
143900 0.187168 0.287228 0.202487 0.676884
144000 0.208889 0.251177 0.183887 0.643954
144100 0.182631 0.234607 0.156045 0.573283
144200 0.191025 0.257145 0.168784 0.616955
144300 0.247949 0.270542 0.180179 0.69867
144400 0.224791 0.269758 0.19655 0.6911
144500 0.217938 0.221276 0.189159 0.628373
144600 0.221954 0.26724 0.21351 0.702703
144700 0.201738 0.208457 0.172607 0.582802
144800 0.17527 0.212936 0.222686 0.610892
144900 0.216285 0.197441 0.187686 0.601412
145000 0.232643 0.205857 0.243839 0.68234
145100 0.179715 0.173268 0.190555 0.543537
145200 0.219917 0.198952 0.212196 0.631065
145300 0.22092 0.22508 0.221719 0.667719
145400 0.19787 0.257577 0.207187 0.662633
145500 0.197715 0.26197 0.18355 0.643235
145600 0.270248 0.296915 0.265756 0.83292
145700 0.285148 0.248759 0.203736 0.737643
145800 0.171391 0.270299 0.189211 0.630902
145900 0.22034 0.211619 0.220044 0.652003
146000 0.199384 0.248487 0.163462 0.611333
146100 0.1963 0.240687 0.160267 0.597254
146200 0.176468 0.279315 0.193999 0.649782
146300 0.217492 0.243792 0.231416 0.692701
146400 0.227297 0.27822 0.170961 0.676478
146500 0.22851 0.250517 0.16961 0.648636
146600 0.252919 0.322287 0.196392 0.771598
146700 0.169209 0.23324 0.170907 0.573357
146800 0.182224 0.215826 0.198315 0.596364
146900 0.202398 0.238043 0.184644 0.625085
147000 0.214223 0.271074 0.206911 0.692208
147100 0.216072 0.212868 0.199822 0.628762
147200 0.236556 0.193077 0.203137 0.63277
147300 0.233564 0.220475 0.231703 0.685741
147400 0.205362 0.211104 0.237198 0.653663
147500 0.187585 0.158358 0.190487 0.53643
147600 0.183006 0.176724 0.229243 0.588973
147700 0.179547 0.238997 0.224588 0.643132
147800 0.187783 0.191103 0.242611 0.621498
147900 0.189309 0.174611 0.235235 0.599155
148000 0.193121 0.200465 0.227731 0.621318
148100 0.181652 0.286399 0.223058 0.691109
148200 0.189126 0.216737 0.248002 0.653865
148300 0.192262 0.204743 0.21275 0.609755
148400 0.228452 0.243124 0.221231 0.692806
148500 0.207633 0.172188 0.220787 0.600608
148600 0.202801 0.229821 0.242257 0.674879
148700 0.280643 0.201714 0.300285 0.782643
148800 0.279659 0.23693 0.228179 0.744767
148900 0.251771 0.192721 0.206111 0.650603
149000 0.193605 0.195308 0.255802 0.644714
149100 0.214513 0.191631 0.224982 0.631125
149200 0.192409 0.179209 0.214265 0.585883
149300 0.223481 0.225174 0.264758 0.713413
149400 0.259126 0.222083 0.250239 0.731447
149500 0.221974 0.20212 0.220937 0.645031
149600 0.218617 0.210495 0.261888 0.691
149700 0.202729 0.254366 0.201598 0.658692
149800 0.176224 0.213733 0.187722 0.577679
149900 0.210393 0.254032 0.235118 0.699543
150000 0.207184 0.226337 0.227724 0.661245
150100 0.273542 0.227352 0.195722 0.696616
150200 0.227823 0.222056 0.153952 0.603831
150300 0.202445 0.20555 0.140829 0.548824
150400 0.222062 0.204115 0.200819 0.626996
150500 0.283054 0.240435 0.22014 0.743629
150600 0.227802 0.245033 0.207685 0.68052
150700 0.206144 0.247246 0.256666 0.710055
150800 0.21297 0.273515 0.212353 0.698838
150900 0.210161 0.27471 0.212685 0.697556
151000 0.221118 0.220801 0.219209 0.661128
151100 0.22329 0.211601 0.283235 0.718127
151200 0.20853 0.209556 0.217981 0.636067
151300 0.250133 0.227125 0.205568 0.682826
151400 0.245897 0.201219 0.242111 0.689227
151500 0.259105 0.217617 0.243623 0.720346
151600 0.269929 0.210043 0.176083 0.656055
151700 0.284607 0.252388 0.226159 0.763154
151800 0.263981 0.226387 0.191041 0.681409
151900 0.216075 0.210904 0.218229 0.645208
152000 0.283042 0.19627 0.246308 0.72562
152100 0.23111 0.196941 0.232345 0.660396
152200 0.237935 0.180825 0.20612 0.624881
152300 0.240938 0.267484 0.206141 0.714563
152400 0.249347 0.244337 0.219623 0.713307
152500 0.209382 0.19319 0.201151 0.603723
152600 0.220931 0.17717 0.230752 0.628853
152700 0.289036 0.226176 0.204611 0.719823
152800 0.287589 0.210531 0.242361 0.74048
152900 0.266313 0.240493 0.215401 0.722207
153000 0.286666 0.231821 0.225881 0.744368
153100 0.225805 0.207681 0.191654 0.62514
153200 0.209736 0.176597 0.187316 0.573649
153300 0.253602 0.196782 0.21136 0.661743
153400 0.251998 0.285536 0.195013 0.732546
153500 0.257509 0.23688 0.18979 0.68418
153600 0.213069 0.242995 0.234734 0.690798
153700 0.233066 0.246572 0.209014 0.688652
153800 0.243521 0.219017 0.175501 0.638039
153900 0.220559 0.232858 0.192611 0.646027
154000 0.264509 0.264294 0.217181 0.745983
154100 0.337039 0.336288 0.27323 0.946558
154200 0.310875 0.221251 0.229518 0.761645
154300 0.235187 0.282295 0.253403 0.770885
154400 0.260621 0.25248 0.231728 0.74483
154500 0.235905 0.213777 0.193523 0.643205
154600 0.231798 0.296139 0.214321 0.742259
154700 0.254494 0.233364 0.219345 0.707202
154800 0.222836 0.287608 0.242332 0.752776
154900 0.202922 0.190491 0.188411 0.581824
155000 0.264507 0.215799 0.174201 0.654507
155100 0.20294 0.197905 0.194452 0.595297
155200 0.204077 0.208222 0.209827 0.622126
155300 0.233886 0.204356 0.164747 0.602988
155400 0.240837 0.195135 0.194845 0.630816
155500 0.220034 0.184088 0.206305 0.610427
155600 0.270722 0.235687 0.208624 0.715033
155700 0.237312 0.254804 0.201813 0.693929
155800 0.285403 0.293225 0.262438 0.841067
155900 0.233824 0.276963 0.205142 0.71593
156000 0.249633 0.231699 0.288349 0.769681
156100 0.283114 0.232463 0.192762 0.708339
156200 0.227554 0.212192 0.206327 0.646074
156300 0.168209 0.244706 0.249804 0.662719
156400 0.211652 0.230006 0.211473 0.65313
156500 0.234934 0.282236 0.255665 0.772835
156600 0.196192 0.254313 0.261459 0.711963
156700 0.226222 0.23334 0.192962 0.652525
156800 0.263528 0.23208 0.176226 0.671835
156900 0.280969 0.250604 0.230127 0.761699
157000 0.244435 0.248554 0.183218 0.676207
157100 0.231598 0.231993 0.245738 0.70933
157200 0.246514 0.256933 0.204093 0.70754
157300 0.238198 0.243727 0.197677 0.679602
157400 0.23397 0.278976 0.177105 0.690051
157500 0.261559 0.294783 0.272623 0.828966
157600 0.214609 0.280633 0.251633 0.746875
157700 0.209128 0.216716 0.238175 0.66402
157800 0.24832 0.236156 0.208048 0.692523
157900 0.237647 0.273419 0.243357 0.754423
158000 0.263469 0.281408 0.273193 0.81807
158100 0.24945 0.264696 0.251706 0.765852
158200 0.285435 0.274697 0.246711 0.806843
158300 0.207925 0.196708 0.290179 0.694812
158400 0.189294 0.24944 0.269662 0.708397
158500 0.254223 0.322771 0.266234 0.843228
158600 0.248213 0.264914 0.274457 0.787584
158700 0.230928 0.26009 0.242179 0.733196
158800 0.186515 0.213636 0.232045 0.632196
158900 0.215166 0.225544 0.195537 0.636247
159000 0.218855 0.236492 0.222316 0.677664
159100 0.324617 0.231793 0.238385 0.794794
159200 0.263946 0.22596 0.195568 0.685474
159300 0.242839 0.241461 0.188769 0.673069
159400 0.307271 0.29027 0.197736 0.795277
159500 0.257779 0.302696 0.247952 0.808427
159600 0.261028 0.30049 0.22183 0.783349
159700 0.303934 0.325647 0.184529 0.81411
