# step msd_x msd_y msd_z msd_total (Ang^2)
# TimeStep c_msd_Na[1] c_msd_Na[2] c_msd_Na[3] c_msd_Na[4]
0 0 0 8.05296e-31 8.05296e-31
100 0.15197 0.124564 0.139689 0.416223
200 0.14457 0.127243 0.153906 0.425719
300 0.240503 0.140662 0.213797 0.594961
400 0.175194 0.181362 0.208644 0.565199
500 0.213167 0.187124 0.254139 0.65443
600 0.23929 0.221393 0.19221 0.652893
700 0.206908 0.164926 0.228549 0.600382
800 0.266469 0.237762 0.236442 0.740673
900 0.190248 0.194723 0.230133 0.615104
1000 0.222435 0.151567 0.192167 0.566169
1100 0.22053 0.19007 0.24873 0.659331
1200 0.228677 0.205572 0.221032 0.655281
1300 0.307801 0.172027 0.232569 0.712397
1400 0.31974 0.21703 0.311948 0.848719
1500 0.341767 0.228911 0.240262 0.81094
1600 0.262712 0.230857 0.221466 0.715036
1700 0.292622 0.239386 0.290574 0.822582
1800 0.34328 0.324935 0.261967 0.930182
1900 0.280119 0.271585 0.264851 0.816555
2000 0.248623 0.222552 0.254778 0.725953
2100 0.240189 0.188645 0.265277 0.694111
2200 0.228378 0.153479 0.263587 0.645444
2300 0.246261 0.224885 0.254253 0.725398
2400 0.254612 0.186348 0.293263 0.734223
2500 0.276136 0.220629 0.271699 0.768464
2600 0.303157 0.185421 0.294961 0.783539
2700 0.312417 0.19078 0.323857 0.827055
2800 0.353587 0.212712 0.32324 0.889539
2900 0.329964 0.198921 0.339341 0.868225
3000 0.256437 0.192181 0.261964 0.710582
3100 0.339237 0.238379 0.294918 0.872534
3200 0.337905 0.175739 0.216868 0.730512
3300 0.318386 0.191289 0.308105 0.81778
3400 0.365414 0.190407 0.330621 0.886442
3500 0.256936 0.17322 0.296979 0.727135
3600 0.352942 0.185517 0.326508 0.864967
3700 0.309881 0.21039 0.356124 0.876395
3800 0.243908 0.249016 0.330324 0.823248
3900 0.275638 0.21593 0.288888 0.780455
4000 0.283808 0.25707 0.262165 0.803044
4100 0.23692 0.268076 0.231898 0.736895
4200 0.262744 0.235071 0.30756 0.805375
4300 0.281247 0.289211 0.315772 0.886229
4400 0.26805 0.261186 0.344819 0.874055
4500 0.248748 0.219515 0.296976 0.765239
4600 0.235354 0.261928 0.31778 0.815062
4700 0.323348 0.199023 0.298687 0.821058
4800 0.228597 0.166807 0.277272 0.672676
4900 0.309972 0.225926 0.36911 0.905008
5000 0.200958 0.195282 0.203692 0.599931
5100 0.266874 0.217564 0.262524 0.746962
5200 0.248408 0.21224 0.317857 0.778505
5300 0.247381 0.228707 0.318966 0.795054
5400 0.310674 0.244714 0.363196 0.918584
5500 0.263711 0.169529 0.203004 0.636244
5600 0.26279 0.192896 0.335179 0.790865
5700 0.245598 0.260746 0.345806 0.85215
5800 0.244752 0.21181 0.326199 0.782761
5900 0.266347 0.249158 0.253986 0.769491
6000 0.290626 0.215073 0.293799 0.799498
6100 0.252339 0.215361 0.297822 0.765523
6200 0.262186 0.189924 0.320838 0.772947
6300 0.248267 0.173608 0.250044 0.671919
6400 0.269786 0.189193 0.259515 0.718494
6500 0.264342 0.229084 0.312888 0.806315
6600 0.230805 0.198709 0.30656 0.736074
6700 0.22753 0.193886 0.247181 0.668597
6800 0.238799 0.20575 0.253093 0.697642
6900 0.246971 0.240602 0.218931 0.706505
7000 0.277799 0.223614 0.274525 0.775938
7100 0.25148 0.179641 0.294334 0.725454
7200 0.30852 0.186643 0.244282 0.739445
7300 0.340463 0.179412 0.311361 0.831236
7400 0.2307 0.235489 0.231823 0.698012
7500 0.253698 0.268282 0.244915 0.766895
7600 0.307836 0.187836 0.250717 0.746388
7700 0.279872 0.198324 0.26398 0.742176
7800 0.265322 0.192003 0.192526 0.649851
7900 0.283451 0.200211 0.254112 0.737775
8000 0.211383 0.197571 0.210082 0.619036
8100 0.226858 0.174832 0.219479 0.621169
8200 0.228943 0.189473 0.238225 0.656641
8300 0.223643 0.125739 0.218153 0.567535
8400 0.312723 0.201764 0.283663 0.79815
8500 0.286969 0.238086 0.263681 0.788735
8600 0.313931 0.204976 0.321474 0.840382
8700 0.34612 0.223794 0.296159 0.866073
8800 0.365114 0.192286 0.22166 0.77906
8900 0.295886 0.231139 0.274818 0.801843
9000 0.314245 0.253571 0.258058 0.825874
9100 0.278185 0.198018 0.244663 0.720867
9200 0.298615 0.181189 0.240288 0.720092
9300 0.323126 0.203592 0.293664 0.820382
9400 0.272696 0.234728 0.302619 0.810043
9500 0.279602 0.193316 0.25728 0.730198
9600 0.337841 0.200725 0.262636 0.801202
9700 0.271973 0.225154 0.262285 0.759412
9800 0.280591 0.290417 0.302509 0.873517
9900 0.284765 0.245918 0.232281 0.762964
10000 0.226926 0.176011 0.255856 0.658793
10100 0.247477 0.182861 0.258964 0.689302
10200 0.241878 0.145405 0.274446 0.661729
10300 0.310096 0.190354 0.225267 0.725718
10400 0.350121 0.219013 0.335863 0.904998
10500 0.285094 0.323145 0.316235 0.924474
10600 0.30208 0.242773 0.301067 0.84592
10700 0.263759 0.220264 0.257657 0.74168
10800 0.232525 0.26809 0.267432 0.768047
10900 0.255616 0.217241 0.293535 0.766392
11000 0.227073 0.264769 0.261343 0.753186
11100 0.201367 0.257325 0.262079 0.720772
11200 0.238298 0.215821 0.262593 0.716712
11300 0.29102 0.228595 0.224795 0.744411
11400 0.307831 0.219802 0.219773 0.747406
11500 0.249494 0.274999 0.28024 0.804733
11600 0.223331 0.282776 0.253849 0.759956
11700 0.313464 0.273049 0.277716 0.864229
11800 0.312046 0.28418 0.270589 0.866815
11900 0.242917 0.254721 0.240431 0.738069
12000 0.257682 0.228838 0.260628 0.747148
12100 0.217597 0.245555 0.297966 0.761119
12200 0.205377 0.221749 0.258085 0.685211
12300 0.210714 0.23752 0.269982 0.718216
12400 0.219734 0.253084 0.268832 0.741651
12500 0.208152 0.248645 0.243702 0.700499
12600 0.191772 0.14424 0.258255 0.594267
12700 0.281264 0.184357 0.210113 0.675734
12800 0.195853 0.176482 0.212729 0.585063
12900 0.20713 0.240157 0.178208 0.625495
13000 0.213426 0.185744 0.236693 0.635863
13100 0.201472 0.179887 0.216307 0.597666
13200 0.234229 0.18424 0.235992 0.654461
13300 0.217402 0.201575 0.275263 0.69424
13400 0.235931 0.244973 0.30426 0.785163
13500 0.261479 0.17019 0.304889 0.736558
13600 0.175589 0.258874 0.222376 0.656839
13700 0.230373 0.220128 0.198677 0.649178
13800 0.224763 0.232545 0.206482 0.663791
13900 0.26123 0.188116 0.240374 0.68972
14000 0.31817 0.231195 0.276336 0.825701
14100 0.268885 0.282483 0.28274 0.834108
14200 0.257599 0.252076 0.206097 0.715772
14300 0.228749 0.215334 0.291432 0.735515
14400 0.264742 0.215548 0.244684 0.724975
14500 0.286104 0.218109 0.23972 0.743933
14600 0.27456 0.25042 0.259231 0.78421
14700 0.220614 0.250688 0.268983 0.740285
14800 0.220572 0.18721 0.226065 0.633848
14900 0.209924 0.184955 0.258211 0.65309
15000 0.298859 0.18738 0.283832 0.770071
15100 0.298493 0.22588 0.286215 0.810588
15200 0.276969 0.235268 0.256044 0.768282
15300 0.235167 0.210351 0.315258 0.760776
15400 0.22125 0.201435 0.313807 0.736493
15500 0.191205 0.215964 0.292573 0.699743
15600 0.203627 0.198473 0.328637 0.730738
15700 0.33852 0.189475 0.267212 0.795207
15800 0.31492 0.185456 0.25107 0.751447
15900 0.305856 0.197994 0.219146 0.722996
16000 0.228828 0.193238 0.218231 0.640297
16100 0.217804 0.140801 0.238357 0.596963
16200 0.300852 0.256589 0.227532 0.784973
16300 0.333846 0.24396 0.304577 0.882382
16400 0.238582 0.193986 0.227426 0.659995
16500 0.227972 0.224951 0.247827 0.70075
16600 0.178988 0.232353 0.303083 0.714423
16700 0.320287 0.289801 0.287654 0.897742
16800 0.296488 0.220708 0.335792 0.852988
16900 0.252721 0.23258 0.319439 0.80474
17000 0.179234 0.230257 0.281221 0.690712
17100 0.242709 0.224778 0.302704 0.770191
17200 0.231079 0.232909 0.279394 0.743382
17300 0.251651 0.233058 0.272352 0.757061
17400 0.339832 0.220705 0.246521 0.807057
17500 0.244902 0.223966 0.227831 0.696699
17600 0.208493 0.232569 0.273844 0.714906
17700 0.29125 0.235388 0.26541 0.792048
17800 0.263595 0.244143 0.245121 0.752859
17900 0.235174 0.265545 0.264349 0.765069
18000 0.226219 0.262465 0.253982 0.742666
18100 0.23399 0.17723 0.210411 0.621631
18200 0.228743 0.194434 0.269864 0.693042
18300 0.258153 0.224039 0.306691 0.788883
18400 0.291063 0.254309 0.26452 0.809892
18500 0.269577 0.251846 0.301815 0.823237
18600 0.221002 0.195995 0.248963 0.66596
18700 0.249052 0.190067 0.282124 0.721243
18800 0.329558 0.201973 0.24485 0.776381
18900 0.27876 0.186336 0.302558 0.767654
19000 0.215029 0.230403 0.255667 0.701099
19100 0.289001 0.267168 0.269895 0.826064
19200 0.30275 0.207859 0.222098 0.732707
19300 0.301722 0.25025 0.233977 0.785949
19400 0.280611 0.208816 0.288755 0.778182
19500 0.251973 0.242479 0.198621 0.693073
19600 0.29042 0.225984 0.25285 0.769254
19700 0.291262 0.293193 0.279078 0.863533
19800 0.330347 0.228612 0.264854 0.823813
19900 0.194981 0.175846 0.228258 0.599085
20000 0.217809 0.179514 0.19606 0.593383
20100 0.225352 0.196128 0.239533 0.661013
20200 0.276912 0.193691 0.264668 0.735272
20300 0.200254 0.179581 0.253051 0.632885
20400 0.229954 0.213532 0.200413 0.643899
20500 0.220915 0.168539 0.247437 0.636892
20600 0.282366 0.200611 0.290055 0.773032
20700 0.183129 0.20102 0.230069 0.614218
20800 0.21976 0.169443 0.266742 0.655945
20900 0.259353 0.222276 0.241985 0.723613
21000 0.303292 0.229461 0.295026 0.82778
21100 0.352066 0.237585 0.298621 0.888272
21200 0.44946 0.294664 0.324857 1.06898
21300 0.389163 0.322196 0.350155 1.06151
21400 0.377307 0.312958 0.363413 1.05368
21500 0.422357 0.338328 0.430668 1.19135
21600 0.386401 0.336466 0.338642 1.06151
21700 0.339564 0.345774 0.381005 1.06634
21800 0.342873 0.346846 0.387716 1.07744
21900 0.37383 0.343312 0.367841 1.08498
22000 0.343026 0.402153 0.328251 1.07343
22100 0.36936 0.338477 0.304285 1.01212
22200 0.372202 0.37592 0.356939 1.10506
22300 0.338914 0.400815 0.359292 1.09902
22400 0.404868 0.318235 0.372674 1.09578
22500 0.476022 0.323854 0.338876 1.13875
22600 0.475299 0.350658 0.426727 1.25268
22700 0.447096 0.348965 0.394382 1.19044
22800 0.514929 0.360911 0.328936 1.20478
22900 0.500056 0.477161 0.351297 1.32851
23000 0.555223 0.458509 0.414321 1.42805
23100 0.561999 0.4341 0.467383 1.46348
23200 0.566366 0.496828 0.506136 1.56933
23300 0.518713 0.453646 0.536634 1.50899
23400 0.61037 0.411358 0.614864 1.63659
23500 0.50371 0.430651 0.499022 1.43338
23600 0.682099 0.455718 0.483357 1.62117
23700 0.740176 0.473762 0.650482 1.86442
23800 0.730102 0.702314 0.596708 2.02912
23900 0.757602 0.613822 0.68231 2.05373
24000 0.660132 0.632543 0.699238 1.99191
24100 0.744659 0.595446 0.683592 2.0237
24200 0.60675 0.712558 0.735108 2.05442
24300 0.738618 0.607918 0.70998 2.05652
24400 0.706665 0.714922 0.625853 2.04744
24500 0.756764 0.781557 0.557264 2.09558
24600 0.644971 0.744197 0.736728 2.1259
24700 0.576391 0.831576 0.701201 2.10917
24800 0.648366 0.710148 0.746243 2.10476
24900 0.586945 0.778416 0.706455 2.07182
25000 0.637927 0.728419 0.735742 2.10209
25100 0.59664 0.807546 0.709727 2.11391
25200 0.644203 0.778559 0.704484 2.12725
25300 0.628058 0.775116 0.674398 2.07757
25400 0.540119 0.692816 0.77218 2.00511
25500 0.656805 0.827197 0.777048 2.26105
25600 0.59707 0.827564 0.765544 2.19018
25700 0.649423 0.847748 0.768632 2.2658
25800 0.556074 0.765398 0.777554 2.09903
25900 0.718124 0.886754 0.79664 2.40152
26000 0.71115 0.954121 0.850659 2.51593
26100 0.86466 0.849854 0.840294 2.55481
26200 0.751802 0.898336 0.834867 2.485
26300 0.780816 1.02586 0.995545 2.80222
26400 0.766709 0.983119 0.893603 2.64343
26500 0.766592 0.972823 0.925287 2.6647
26600 0.826055 0.966362 0.935189 2.72761
26700 0.676468 0.994269 0.878237 2.54897
26800 0.734378 0.996405 0.948069 2.67885
26900 0.764514 1.0513 1.0028 2.81861
27000 0.779298 1.0932 0.955447 2.82794
27100 0.803808 0.966506 0.951826 2.72214
27200 0.717029 1.0989 0.964655 2.78058
27300 0.851229 1.08357 0.97541 2.91021
27400 0.76144 1.04181 0.919451 2.7227
27500 0.718072 1.06201 1.06362 2.8437
27600 0.812773 1.02298 0.861537 2.69729
27700 0.685476 0.943464 0.881477 2.51042
27800 0.769561 0.970792 0.872951 2.6133
27900 0.831835 0.954584 0.956856 2.74327
28000 0.936917 0.875718 0.957059 2.76969
28100 0.849404 0.965546 0.954013 2.76896
28200 0.80643 1.02061 0.857097 2.68414
28300 0.845135 1.05784 0.946545 2.84952
28400 0.822617 1.01874 0.879931 2.72129
28500 0.701857 0.973393 0.88721 2.56246
28600 0.738578 0.950223 0.855876 2.54468
28700 0.765546 0.928717 0.845698 2.53996
28800 0.777123 0.966582 0.874707 2.61841
28900 0.67244 0.95991 0.836722 2.46907
29000 0.728213 1.01276 0.792905 2.53388
29100 0.803487 1.03151 0.951598 2.78659
29200 0.900749 0.908132 0.921093 2.72997
29300 0.773993 0.971452 0.773121 2.51857
29400 0.633569 0.886637 0.849921 2.37013
29500 0.670924 1.05755 0.796522 2.52499
29600 0.661774 1.06032 0.849879 2.57197
29700 0.741201 1.08435 0.804085 2.62963
29800 0.755515 0.966095 0.806114 2.52772
29900 0.717508 0.946753 0.931703 2.59596
30000 0.77541 0.945548 0.934293 2.65525
30100 0.709541 1.0215 0.983433 2.71448
30200 0.841825 1.12837 0.920019 2.89021
30300 0.760063 1.08741 0.915254 2.76272
30400 0.73846 1.15835 0.824873 2.72168
30500 0.739974 1.05149 0.785969 2.57743
30600 0.706082 1.08362 0.834937 2.62464
30700 0.861572 1.14364 0.713569 2.71878
30800 0.841341 1.02191 0.832167 2.69542
30900 0.797639 1.05911 0.839832 2.69658
31000 0.843148 1.08688 1.05299 2.98302
31100 0.764714 0.986585 0.883928 2.63523
31200 0.772739 1.06831 0.963416 2.80446
31300 0.879778 1.09225 1.03681 3.00884
31400 0.770823 1.1217 0.985697 2.87822
31500 0.785001 1.16763 0.964218 2.91685
31600 0.860493 1.25047 0.878088 2.98905
31700 1.04261 1.30143 0.892379 3.23642
31800 1.01783 1.14204 0.891897 3.05177
31900 0.882087 1.19896 0.978146 3.05919
32000 0.897998 1.04647 0.949984 2.89445
32100 0.881649 1.01288 0.897863 2.7924
32200 0.748486 1.08992 0.840282 2.67869
32300 0.706982 0.981188 0.802421 2.49059
32400 0.830899 1.01967 0.959445 2.81002
32500 0.779441 1.08378 0.693155 2.55638
32600 0.683774 1.03766 0.745668 2.4671
32700 0.734809 0.988757 0.891681 2.61525
32800 0.633951 0.995965 0.776566 2.40648
32900 0.675151 1.02497 0.801449 2.50157
33000 0.757706 1.01246 0.921288 2.69145
33100 0.749544 1.00031 1.04513 2.79498
33200 0.706672 0.892269 0.863151 2.46209
33300 0.778992 0.891736 0.849387 2.52012
33400 0.681325 0.996105 0.895904 2.57333
33500 0.640468 1.08877 0.883038 2.61227
33600 0.677551 1.00014 0.90936 2.58705
33700 0.773082 1.04057 0.733675 2.54733
33800 0.693325 0.913041 0.84 2.44637
33900 0.704217 1.06673 0.962073 2.73302
34000 0.728305 0.962027 0.860731 2.55106
34100 0.735357 0.984866 0.898334 2.61856
34200 0.789923 1.00798 0.837795 2.63569
34300 0.731077 1.04014 0.820942 2.59216
34400 0.67098 0.993414 0.944083 2.60848
34500 0.761862 0.939742 0.958153 2.65976
34600 0.736376 0.986203 0.900908 2.62349
34700 0.715791 1.02457 0.964831 2.70519
34800 0.705656 1.04732 0.824733 2.57771
34900 0.851725 1.12351 0.782235 2.75747
35000 0.795396 0.962793 0.941422 2.69961
35100 0.79289 1.12837 0.870339 2.7916
35200 0.847593 1.07713 0.876859 2.80158
35300 0.79674 1.01372 0.910584 2.72104
35400 0.752088 1.12108 0.785249 2.65841
35500 0.746771 1.08669 0.836594 2.67005
35600 0.774441 1.23209 0.807329 2.81386
35700 0.775671 1.02062 0.904271 2.70057
35800 0.838541 1.06851 0.899709 2.80676
35900 0.677575 1.04933 0.840779 2.56768
36000 0.656724 1.08815 0.920916 2.66579
36100 0.718258 0.935996 0.799194 2.45345
36200 0.745759 1.06614 0.826631 2.63853
36300 0.677192 0.977994 0.81682 2.47201
36400 0.753194 0.992597 0.843464 2.58926
36500 0.7597 1.03229 0.900314 2.6923
36600 0.805444 1.0817 0.893684 2.78083
36700 0.791875 1.05177 0.950487 2.79413
36800 0.702448 0.995466 0.860763 2.55868
36900 0.770671 0.973513 0.8921 2.63628
37000 0.68428 1.15404 0.821765 2.66009
37100 0.803297 1.10283 0.834503 2.74063
37200 0.743954 1.20339 0.796548 2.74389
37300 0.816112 1.14113 0.795668 2.75291
37400 0.768997 1.11353 0.880885 2.76341
37500 0.751533 1.10278 0.915387 2.7697
37600 0.69029 0.955529 0.788611 2.43443
37700 0.703931 1.05458 0.856077 2.61459
37800 0.809086 1.01534 0.876505 2.70093
37900 0.850419 1.11072 0.833715 2.79486
38000 0.823549 1.13445 0.913283 2.87128
38100 0.838084 1.03895 0.813835 2.69087
38200 0.850361 1.07549 0.81664 2.74249
38300 0.815306 1.19624 0.852288 2.86383
38400 0.789278 1.17364 0.819935 2.78286
38500 0.85932 1.12581 0.816175 2.8013
38600 0.840923 1.13035 0.866233 2.8375
38700 0.687478 1.08253 0.738706 2.50871
38800 0.740027 1.1247 0.858896 2.72363
38900 0.715368 1.1771 0.962867 2.85533
39000 0.711039 1.07572 0.917561 2.70432
39100 0.669143 1.09127 0.820988 2.5814
39200 0.707422 0.989181 0.845513 2.54212
39300 0.685373 1.16749 0.927938 2.7808
39400 0.673452 1.15117 0.894787 2.71941
39500 0.682223 1.128 0.946035 2.75626
39600 0.751984 1.11358 0.876353 2.74192
39700 0.73544 0.930414 0.897535 2.56339
39800 0.709014 1.00701 0.991202 2.70722
39900 0.706727 0.950153 0.885808 2.54269
40000 0.733489 1.02474 0.994329 2.75255
40100 0.804343 1.04231 0.858471 2.70513
40200 0.826094 1.07277 0.924443 2.82331
40300 0.751604 1.00883 0.897628 2.65806
40400 0.817908 0.957923 0.862138 2.63797
40500 0.772209 1.00133 0.908988 2.68252
40600 0.862114 1.01324 0.837843 2.7132
40700 0.895604 0.9996 0.968372 2.86358
40800 0.809349 1.08398 0.833589 2.72692
40900 0.73231 1.14227 0.847998 2.72258
41000 0.707382 1.13947 0.819067 2.66592
41100 0.708913 1.08259 0.901674 2.69317
41200 0.695015 1.10949 0.771919 2.57642
41300 0.735206 1.15094 0.848385 2.73453
41400 0.754091 1.13989 0.826601 2.72058
41500 0.724691 1.08887 0.839839 2.6534
41600 0.745348 1.04707 0.867127 2.65955
41700 0.738854 1.08942 0.768752 2.59703
41800 0.983196 1.15981 0.754212 2.89721
41900 0.895343 0.999865 0.857022 2.75223
42000 0.739217 1.16218 0.916251 2.81765
42100 0.705106 1.02557 0.909806 2.64048
42200 0.622373 1.13483 0.890908 2.64811
42300 0.768482 1.0061 0.869637 2.64422
42400 0.716552 1.08164 0.730483 2.52868
42500 0.784138 1.09464 0.910146 2.78893
42600 0.717998 0.927708 0.829986 2.47569
42700 0.678472 1.03161 0.852219 2.5623
42800 0.819875 1.06698 0.886858 2.77371
42900 0.769732 1.09631 0.897621 2.76366
43000 0.71402 1.02007 0.809742 2.54383
43100 0.851094 1.18948 0.873355 2.91393
43200 0.775892 1.1655 0.929626 2.87102
43300 0.724861 1.29927 0.894275 2.9184
43400 0.657233 1.05843 0.842437 2.5581
43500 0.709894 1.21141 0.951294 2.87259
43600 0.69379 1.21363 0.817108 2.72453
43700 0.724712 1.22168 1.05487 3.00126
43800 0.691656 1.11631 0.898986 2.70695
43900 0.711897 1.34045 0.963906 3.01626
44000 0.773298 1.16857 0.89693 2.8388
44100 0.693611 1.07204 1.0173 2.78296
44200 0.657575 1.10217 0.962572 2.72232
44300 0.752106 1.12804 0.931755 2.8119
44400 0.736258 1.12282 0.924441 2.78352
44500 0.738459 1.09997 0.88716 2.72559
44600 0.75554 0.982132 0.983814 2.72149
44700 0.768514 1.20773 0.998998 2.97524
44800 0.73836 0.985987 0.935202 2.65955
44900 0.774433 1.23137 0.916666 2.92247
45000 0.734757 1.1181 0.871728 2.72459
45100 0.717056 1.13441 0.93082 2.78229
45200 0.686811 1.02875 0.927865 2.64342
45300 0.710736 1.08407 0.835402 2.63021
45400 0.703836 0.965022 0.910947 2.57981
45500 0.633127 1.03769 0.880603 2.55142
45600 0.734993 1.01304 0.86841 2.61644
45700 0.643289 0.953127 0.944864 2.54128
45800 0.656351 1.02659 0.87892 2.56186
45900 0.699926 0.985361 0.88676 2.57205
46000 0.752247 0.945042 0.866577 2.56387
46100 0.665025 0.940184 0.843012 2.44822
46200 0.756668 1.06781 0.896954 2.72143
46300 0.797798 1.03655 0.834628 2.66897
46400 0.762922 1.01061 0.889109 2.66264
46500 0.877703 1.00615 1.01991 2.90377
46600 0.866444 1.07552 0.997711 2.93967
46700 0.723284 1.21475 0.918561 2.8566
46800 0.660323 1.11297 0.921975 2.69527
46900 0.747727 1.13718 0.889608 2.77452
47000 0.739407 0.97221 0.928694 2.64031
47100 0.740804 1.15204 0.8782 2.77105
47200 0.657692 1.0305 0.906794 2.59498
47300 0.766394 1.01451 0.816395 2.5973
47400 0.743809 1.09805 0.681193 2.52305
47500 0.687748 1.0812 0.73719 2.50614
47600 0.603079 1.10212 0.886706 2.5919
47700 0.62676 1.09816 0.925457 2.65038
47800 0.693843 1.02601 0.887117 2.60697
47900 0.786155 1.26814 0.94509 2.99939
48000 0.771954 1.03435 0.967977 2.77428
48100 0.703983 1.13737 0.851393 2.69275
48200 0.799428 1.10551 0.977669 2.8826
48300 0.659012 1.01599 0.834236 2.50924
48400 0.736405 1.14058 0.866482 2.74346
48500 0.769904 1.03189 0.952762 2.75456
48600 0.712599 0.979717 0.977336 2.66965
48700 0.708905 1.00817 0.929033 2.64611
48800 0.755442 1.03436 0.902752 2.69255
48900 0.686668 1.05241 0.776195 2.51528
49000 0.673652 0.987798 0.829878 2.49133
49100 0.795239 1.0886 0.860096 2.74394
49200 0.834897 1.1458 0.945127 2.92582
49300 0.82227 1.14105 0.964993 2.92831
49400 0.720486 1.10499 0.831863 2.65734
49500 0.764652 1.05535 0.857547 2.67755
49600 0.790016 1.17843 0.773772 2.74222
49700 0.809355 1.02494 0.966542 2.80084
49800 0.751291 1.15575 0.902537 2.80958
49900 0.853902 1.13396 0.908607 2.89647
50000 0.905285 1.09721 0.955544 2.95804
50100 0.758202 0.993078 0.914508 2.66579
50200 0.758227 1.08433 0.985347 2.8279
50300 0.665689 1.01763 0.880755 2.56408
50400 0.715317 0.991587 0.910559 2.61746
50500 0.774564 0.821972 0.85015 2.44669
50600 0.817429 0.999079 0.863352 2.67986
50700 0.778447 1.10113 0.973778 2.85336
50800 0.812617 1.04821 0.97252 2.83335
50900 0.721515 0.948157 0.909539 2.57921
51000 0.808206 0.924593 0.83946 2.57226
51100 0.64709 1.05973 0.778435 2.48525
51200 0.767638 1.08317 0.886963 2.73777
51300 0.900968 1.09725 0.912242 2.91046
51400 0.860026 1.2656 1.02816 3.15379
51500 0.812062 1.25522 0.939714 3.007
51600 0.738484 1.18669 0.784519 2.70969
51700 0.882588 1.24233 0.945069 3.06999
51800 0.786145 1.08788 0.977844 2.85187
51900 0.843873 1.05877 1.03805 2.94069
52000 0.900934 1.08822 0.99301 2.98216
52100 0.751736 1.04062 0.817407 2.60976
52200 0.750199 1.04061 0.848138 2.63895
52300 0.738748 1.22234 0.889905 2.85099
52400 0.750294 1.14107 0.847832 2.7392
52500 0.872423 1.09877 0.917133 2.88832
52600 0.662652 1.15694 0.924854 2.74444
52700 0.722034 1.13645 0.795229 2.65371
52800 0.728493 1.06135 0.838315 2.62816
52900 0.758135 1.09341 0.768932 2.62047
53000 0.792637 0.972208 0.690632 2.45548
53100 0.768475 0.976564 0.805909 2.55095
53200 0.75716 0.944099 0.792185 2.49344
53300 0.760834 0.996079 0.914346 2.67126
53400 0.776202 0.917378 0.892943 2.58652
53500 0.751489 1.00229 0.81803 2.57181
53600 0.74543 1.11158 0.937946 2.79495
53700 0.713304 0.946409 0.907053 2.56677
53800 0.741746 0.992357 0.975338 2.70944
53900 0.772776 1.09651 0.811539 2.68082
54000 0.854915 0.944811 0.939989 2.73972
54100 0.638616 0.840053 0.782575 2.26124
54200 0.644297 1.06903 0.920294 2.63362
54300 0.773815 1.17037 0.826915 2.7711
54400 0.733135 1.03181 0.870182 2.63512
54500 0.63798 1.01628 0.820235 2.4745
54600 0.705792 0.96841 0.846649 2.52085
54700 0.711612 1.03182 0.902767 2.6462
54800 0.65259 0.925144 0.871835 2.44957
54900 0.719325 1.08114 0.950033 2.7505
55000 0.634627 0.99625 0.891778 2.52265
55100 0.634718 0.974074 0.902662 2.51145
55200 0.818035 1.06424 0.947207 2.82948
55300 0.780411 1.00508 0.986576 2.77207
55400 0.764658 1.02641 1.05206 2.84312
55500 0.827525 1.14529 0.857652 2.83047
55600 0.738762 0.987489 0.944357 2.67061
55700 0.778346 1.02634 0.850792 2.65548
55800 0.904268 1.0606 0.7894 2.75426
55900 0.768053 0.936893 0.833079 2.53803
56000 0.871813 1.04174 1.01125 2.92481
56100 0.901427 1.02151 0.909121 2.83206
56200 0.821073 1.09175 1.02631 2.93913
56300 0.990599 1.2255 1.01958 3.23568
56400 1.04217 1.31103 1.21074 3.56394
56500 0.921498 1.24294 1.13327 3.29771
56600 0.911533 1.24449 1.15756 3.31358
56700 0.854974 1.40156 1.13496 3.39149
56800 0.891535 1.37947 1.0683 3.3393
56900 0.876575 1.42755 1.08445 3.38857
57000 0.827477 1.32655 1.22142 3.37545
57100 0.881512 1.30307 1.16256 3.34714
57200 0.780229 1.234 1.06142 3.07566
57300 0.788464 1.15375 1.07344 3.01565
57400 0.878289 1.24232 0.93782 3.05843
57500 0.878089 1.27776 1.00041 3.15625
57600 0.95412 1.22553 1.13241 3.31206
57700 0.84947 1.21431 1.10378 3.16757
57800 0.964613 1.35661 1.14366 3.46488
57900 0.801415 1.30345 1.01126 3.11612
58000 0.798715 1.35012 1.08327 3.23211
58100 0.784932 1.32889 1.19628 3.3101
58200 0.862237 1.32785 1.09511 3.2852
58300 0.881968 1.29003 1.04339 3.21539
58400 0.962493 1.37043 1.19731 3.53024
58500 0.903643 1.282 1.07092 3.25657
58600 0.834709 1.29965 1.03343 3.16779
58700 0.837118 1.29948 1.09552 3.23212
58800 0.954478 1.33734 1.11468 3.4065
58900 0.929296 1.25725 1.07958 3.26613
59000 0.92939 1.34041 1.07195 3.34175
59100 0.822104 1.28876 1.13448 3.24534
59200 0.904919 1.56198 1.14765 3.61455
59300 0.943598 1.28479 1.18884 3.41723
59400 0.802148 1.26707 1.14491 3.21413
59500 0.849222 1.28168 1.20301 3.33392
59600 0.969355 1.23723 1.13533 3.34191
59700 0.8805 1.32615 1.15895 3.36561
59800 0.917468 1.39486 1.04562 3.35795
59900 0.834211 1.27664 1.09788 3.20873
60000 0.923203 1.20887 1.19069 3.32277
60100 0.975419 1.25419 1.11224 3.34185
60200 0.9139 1.2233 1.21505 3.35226
60300 0.909334 1.25567 1.22279 3.38779
60400 0.735913 1.24421 1.17689 3.15701
60500 0.831181 1.2863 1.14312 3.2606
60600 0.9081 1.28113 1.12417 3.3134
60700 0.82816 1.30304 1.07515 3.20635
60800 0.795079 1.45808 1.00078 3.25394
60900 0.73163 1.34217 0.847889 2.92168
61000 0.813894 1.3525 1.07809 3.24448
61100 0.767061 1.34139 0.983875 3.09233
61200 0.869343 1.34261 1.01041 3.22236
61300 0.836154 1.33975 0.980594 3.15649
61400 0.908419 1.39886 1.07455 3.38184
61500 0.868565 1.36534 1.13495 3.36885
61600 0.913362 1.28674 1.14333 3.34344
61700 0.963322 1.3577 1.16085 3.48187
61800 0.981748 1.31569 1.07495 3.37239
61900 0.694417 1.24358 1.01053 2.94853
62000 0.847814 1.15015 1.02316 3.02112
62100 0.784646 1.21617 1.03151 3.03233
62200 0.868582 1.23557 1.06215 3.1663
62300 0.960552 1.39242 1.03374 3.38672
62400 1.04964 1.25831 1.20589 3.51383
62500 0.998769 1.23956 1.09177 3.3301
62600 1.06594 1.39293 1.14425 3.60312
62700 1.03871 1.23006 1.15523 3.424
62800 1.00058 1.29556 1.12583 3.42197
62900 0.946811 1.37777 1.10033 3.42491
63000 0.905088 1.43531 1.07244 3.41284
63100 0.816904 1.43824 1.07389 3.32904
63200 0.863862 1.47567 1.11996 3.45949
63300 0.975274 1.32547 1.13634 3.43708
63400 0.872597 1.39215 1.10411 3.36886
63500 0.875437 1.31104 1.17345 3.35993
63600 0.904184 1.3399 1.14843 3.39251
63700 0.909515 1.38287 1.16417 3.45655
63800 0.897254 1.3447 1.13987 3.38182
63900 0.849236 1.34856 1.05738 3.25517
64000 0.794225 1.28824 1.04185 3.12432
64100 0.745627 1.25817 1.0354 3.03919
64200 0.76754 1.30512 1.11688 3.18954
64300 0.908278 1.37445 1.16869 3.45142
64400 0.850369 1.33993 1.06257 3.25287
64500 0.722724 1.20924 1.05187 2.98383
64600 0.780606 1.22895 1.1458 3.15535
64700 0.816495 1.16346 1.16196 3.14192
64800 0.868741 1.18832 1.18122 3.23828
64900 0.761872 1.34382 1.0621 3.16779
65000 0.884032 1.38426 1.17738 3.44567
65100 0.849536 1.39029 1.05102 3.29084
65200 0.859074 1.30671 1.10782 3.27361
65300 0.662109 1.36054 1.03383 3.05648
65400 0.914073 1.34551 1.25068 3.51027
65500 0.893904 1.49355 1.26674 3.6542
65600 0.822629 1.36414 1.21447 3.40124
65700 0.829002 1.43574 1.20649 3.47123
65800 0.965018 1.39996 1.19992 3.56489
65900 0.855831 1.3057 0.975437 3.13696
66000 0.773917 1.19859 1.07616 3.04866
66100 0.700575 1.41647 1.12378 3.24082
66200 0.899262 1.37936 1.06374 3.34236
66300 0.823598 1.36435 1.13572 3.32367
66400 0.800004 1.37032 1.15505 3.32537
66500 0.777789 1.35902 1.14099 3.2778
66600 0.801152 1.24306 1.05312 3.09734
66700 0.816936 1.25956 1.02003 3.09653
66800 0.746605 1.33283 1.13134 3.21078
66900 0.783728 1.37859 1.06072 3.22304
67000 0.828002 1.29256 1.12335 3.24391
67100 0.795841 1.31646 1.09148 3.20378
67200 0.826217 1.27729 1.28241 3.38592
67300 0.726867 1.3716 1.18586 3.28432
67400 0.772186 1.25615 1.17977 3.20811
67500 0.757795 1.24032 1.22981 3.22793
67600 0.740881 1.19937 1.08407 3.02431
67700 0.803906 1.33656 1.07709 3.21755
67800 0.810742 1.32598 1.23958 3.3763
67900 1.00992 1.32925 1.03852 3.37768
68000 0.962543 1.45896 0.987334 3.40884
68100 0.945589 1.37341 1.12242 3.44142
68200 0.910963 1.22786 1.13345 3.27227
68300 0.846116 1.25635 1.02418 3.12664
68400 0.865878 1.2747 1.22225 3.36283
68500 0.879456 1.34664 1.13062 3.35672
68600 0.968673 1.33844 1.16004 3.46716
68700 0.916173 1.29357 0.98197 3.19172
68800 0.771105 1.14453 1.0783 2.99393
68900 0.827415 1.22911 1.11621 3.17273
69000 0.890985 1.29771 1.13089 3.31959
69100 0.902986 1.45076 1.07672 3.43046
69200 1.02477 1.23111 1.12225 3.37812
69300 0.887005 1.31273 1.15425 3.35398
69400 0.981934 1.3083 1.03751 3.32774
69500 0.863118 1.42562 1.02304 3.31178
69600 0.921748 1.44966 1.20259 3.574
69700 0.843565 1.33843 1.13152 3.31352
69800 0.984147 1.41249 1.25708 3.65372
69900 1.02016 1.48599 1.25673 3.76288
70000 0.953454 1.27831 1.13699 3.36876
70100 0.90113 1.2293 1.15562 3.28605
70200 0.961741 1.30748 1.23311 3.50234
70300 0.952761 1.30313 0.998685 3.25458
70400 0.900919 1.29506 1.09616 3.29214
70500 0.892716 1.17065 1.22208 3.28545
70600 0.888571 1.16513 1.27832 3.33202
70700 0.936348 1.29173 1.25506 3.48313
70800 0.855217 1.24638 1.23373 3.33533
70900 0.90038 1.34545 1.10923 3.35506
71000 0.937849 1.29374 1.26937 3.50095
71100 0.933926 1.24573 1.27399 3.45365
71200 0.928186 1.19328 1.27261 3.39409
71300 0.947704 1.21658 1.30056 3.46484
71400 0.980702 1.20694 1.13507 3.32271
71500 1.00897 1.24109 1.27227 3.52233
71600 1.10309 1.24523 1.24253 3.59085
71700 1.04978 1.38833 1.08263 3.52074
71800 0.989531 1.36415 1.18166 3.53535
71900 1.05377 1.419 1.34414 3.81691
72000 1.01557 1.46063 1.11153 3.58773
72100 1.17324 1.42987 1.17001 3.77312
72200 1.11778 1.40055 1.16941 3.68774
72300 1.12498 1.405 1.25337 3.78335
72400 1.18036 1.49821 1.41817 4.09674
72500 1.0912 1.44272 1.37718 3.9111
72600 0.998434 1.49164 1.38596 3.87603
72700 1.02487 1.42412 1.33094 3.77994
72800 1.0643 1.52414 1.22697 3.81541
72900 0.998056 1.54774 1.11946 3.66525
73000 1.1129 1.47979 1.16863 3.76133
73100 1.11719 1.47391 1.14028 3.73139
73200 1.14003 1.33005 1.15828 3.62837
73300 1.10878 1.38637 1.05928 3.55443
73400 1.17037 1.40458 1.04717 3.62213
73500 1.14946 1.45122 1.18842 3.7891
73600 1.251 1.48161 1.14082 3.87343
73700 1.11176 1.25868 1.20392 3.57436
73800 1.25639 1.30679 1.26576 3.82894
73900 1.1192 1.28331 1.15258 3.5551
74000 1.20102 1.22183 1.19294 3.61579
74100 1.25208 1.29007 1.30487 3.84703
74200 1.36507 1.37843 1.33481 4.07832
74300 1.40176 1.4643 1.32193 4.18799
74400 1.48365 1.48929 1.44961 4.42256
74500 1.40164 1.4245 1.42731 4.25345
74600 1.22491 1.4326 1.55045 4.20796
74700 1.30569 1.43136 1.73686 4.47391
74800 1.2176 1.49788 1.60648 4.32196
74900 1.20935 1.60635 1.66818 4.48387
75000 1.17121 1.53158 1.48233 4.18513
75100 1.18482 1.48911 1.5352 4.20913
75200 1.27175 1.45477 1.70556 4.43207
75300 1.21835 1.38473 1.69529 4.29837
75400 1.18912 1.36935 1.56043 4.1189
75500 1.18525 1.35974 1.48746 4.03245
75600 1.33541 1.45472 1.6191 4.40923
75700 1.22295 1.43892 1.57877 4.24064
75800 1.16951 1.26367 1.46587 3.89906
75900 1.1781 1.34377 1.61766 4.13953
76000 1.16954 1.3966 1.58609 4.15223
76100 1.4036 1.64084 1.51307 4.55752
76200 1.35024 1.48043 1.51839 4.34906
76300 1.31648 1.48009 1.41921 4.21579
76400 1.23088 1.44763 1.44754 4.12604
76500 1.28034 1.61299 1.41435 4.30768
76600 1.18453 1.55217 1.53988 4.27658
76700 1.22446 1.64253 1.60697 4.47397
76800 1.13441 1.58632 1.74088 4.46161
76900 1.18511 1.5607 1.69855 4.44437
77000 1.14035 1.59213 1.77719 4.50968
77100 1.20911 1.55359 1.52079 4.28349
77200 1.35769 1.49819 1.60983 4.4657
77300 1.22639 1.52213 1.69799 4.44651
77400 1.20753 1.53645 1.64104 4.38502
77500 1.29474 1.47902 1.66117 4.43494
77600 1.24555 1.57554 1.74462 4.56571
77700 1.37138 1.6376 1.86333 4.87231
77800 1.33227 1.74203 1.85233 4.92663
77900 1.2921 1.6738 2.00564 4.97154
78000 1.34078 1.75157 1.93238 5.02473
78100 1.1757 1.70437 1.85928 4.73935
78200 1.18197 1.80398 1.96206 4.94801
78300 1.30293 1.84499 1.99758 5.1455
78400 1.33449 1.94072 1.95343 5.22864
78500 1.22287 1.7238 1.98136 4.92803
78600 1.27292 1.84886 1.97057 5.09235
78700 1.30713 1.98429 1.89815 5.18957
78800 1.38018 1.9089 1.80745 5.09652
78900 1.36173 2.02867 1.74926 5.13967
79000 1.32412 1.762 1.74978 4.83589
79100 1.39572 1.78969 1.81361 4.99901
79200 1.31932 1.86058 1.85178 5.03168
79300 1.32525 1.85019 1.83375 5.00919
79400 1.38982 1.94677 1.91559 5.25218
79500 1.27373 1.82262 2.03075 5.1271
79600 1.32227 1.84236 1.94042 5.10505
79700 1.40884 1.9426 1.95881 5.31024
79800 1.36833 1.80265 1.93182 5.1028
79900 1.29312 1.81686 1.95389 5.06387
80000 1.22014 1.79386 1.89266 4.90666
80100 1.31202 1.85358 1.84576 5.01136
80200 1.39407 1.95447 1.81731 5.16584
80300 1.42634 1.95508 1.8403 5.22172
80400 1.3039 1.87083 1.78343 4.95816
80500 1.35892 2.16806 1.86128 5.38826
80600 1.28992 2.04383 2.02803 5.36178
80700 1.33495 2.10728 2.18068 5.62291
80800 1.43448 2.16069 2.06703 5.6622
80900 1.32177 1.94265 2.14619 5.41062
81000 1.4629 2.07745 2.05511 5.59545
81100 1.47477 1.98091 2.17247 5.62815
81200 1.47714 2.11843 2.32465 5.92022
81300 1.42882 2.01581 2.08032 5.52495
81400 1.63497 2.11631 2.12684 5.87812
81500 1.44493 2.07043 2.29331 5.80867
81600 1.42367 2.27535 2.28573 5.98474
81700 1.45128 2.3054 2.44242 6.1991
81800 1.63491 2.22818 2.15152 6.01461
81900 1.48026 2.36418 2.37065 6.2151
82000 1.58205 2.1429 2.16516 5.8901
82100 1.50309 2.26832 2.334 6.10542
82200 1.3973 2.42402 2.18284 6.00416
82300 1.43716 2.26156 2.05388 5.7526
82400 1.47349 2.14712 2.089 5.70961
82500 1.41735 2.31726 2.16798 5.90259
82600 1.5333 2.41027 2.37332 6.31689
82700 1.76884 2.45865 2.29702 6.5245
82800 1.49236 2.46269 2.19801 6.15306
82900 1.58862 2.35735 2.15737 6.10334
83000 1.65304 2.45395 2.3455 6.45249
83100 1.6815 2.43431 2.38725 6.50306
83200 1.77713 2.4355 2.45243 6.66506
83300 1.81588 2.5687 2.54576 6.93034
83400 1.85187 2.69025 2.56611 7.10823
83500 1.85778 2.44609 2.31939 6.62326
83600 1.84497 2.59434 2.36526 6.80457
83700 1.68389 2.6983 2.27557 6.65776
83800 1.65828 2.25122 2.45124 6.36075
83900 1.67638 2.28626 2.48545 6.4481
84000 1.49875 2.21579 2.43817 6.1527
84100 1.55204 2.36044 2.38555 6.29804
84200 1.77609 2.69426 2.53445 7.00481
84300 1.70614 2.69203 2.58907 6.98725
84400 1.73574 2.62916 2.3754 6.7403
84500 1.66669 2.45945 2.43154 6.55769
84600 1.68085 2.32119 2.42679 6.42883
84700 1.60804 2.35945 2.43795 6.40544
84800 1.68399 2.4553 2.28461 6.42391
84900 1.73966 2.46536 2.43752 6.64254
85000 1.73392 2.34265 2.31639 6.39296
85100 1.75178 2.47804 2.31715 6.54697
85200 1.72303 2.34128 2.28322 6.34752
85300 1.76652 2.41343 2.36231 6.54226
85400 1.67185 2.49849 2.3445 6.51485
85500 1.75017 2.44162 2.24548 6.43727
85600 1.6692 2.46719 2.42616 6.56254
85700 1.76501 2.53779 2.31273 6.61552
85800 1.71782 2.48951 2.23709 6.44442
85900 1.75534 2.52374 2.28 6.55908
86000 1.74398 2.48144 2.29099 6.51641
86100 1.60168 2.45254 2.41306 6.46728
86200 1.74803 2.44493 2.45865 6.65161
86300 1.74421 2.41147 2.73823 6.89391
86400 1.44627 2.58374 2.3693 6.39931
86500 1.59704 2.65945 2.42187 6.67835
86600 1.68775 2.79392 2.39879 6.88046
86700 1.78874 2.68582 2.38058 6.85514
86800 1.71462 2.59498 2.67916 6.98877
86900 1.766 2.70423 2.51783 6.98806
87000 1.89418 2.66117 2.73974 7.2951
87100 1.72495 2.58031 2.58573 6.89099
87200 1.92434 2.59049 2.60393 7.11876
87300 1.94153 2.36876 2.79835 7.10865
87400 2.08343 2.85748 2.79738 7.73828
87500 2.13823 2.75061 2.67892 7.56776
87600 2.03663 2.79105 2.84989 7.67756
87700 1.95434 2.60365 2.74736 7.30536
87800 1.88739 2.6858 2.68216 7.25535
87900 1.96165 2.57989 2.77763 7.31918
88000 1.87301 2.66248 2.80031 7.3358
88100 2.11898 2.82678 2.60508 7.55084
88200 1.93617 2.75486 2.63078 7.3218
88300 2.0858 2.55382 2.87657 7.51618
88400 2.02927 2.61342 2.6527 7.29538
88500 2.01785 2.81443 2.815 7.64727
88600 2.10762 2.70898 2.75029 7.5669
88700 2.2352 2.80142 2.77578 7.8124
88800 2.13615 2.88777 2.87614 7.90006
88900 2.19028 2.84108 2.6878 7.71916
89000 2.17324 2.78006 2.96271 7.91601
89100 2.33609 2.78473 2.9898 8.11061
89200 2.06143 2.90984 2.79531 7.76658
89300 2.10146 3.14767 2.76049 8.00961
89400 2.07715 2.96831 2.90025 7.94571
89500 2.18988 2.85322 2.70359 7.74668
89600 2.19433 2.76163 2.93963 7.89558
89700 2.08066 2.93709 3.06786 8.08561
89800 2.05407 3.13114 3.11169 8.2969
89900 2.27042 3.01759 2.93783 8.22583
90000 2.35248 2.97438 2.76997 8.09683
90100 2.13383 3.05119 2.81557 8.00059
90200 2.10179 3.14167 2.93733 8.1808
90300 2.11785 3.13636 2.89682 8.15104
90400 2.01783 3.1774 3.15815 8.35338
90500 2.13279 2.95451 3.17465 8.26195
90600 2.10442 2.90198 2.87738 7.88378
90700 2.03948 2.98111 3.08885 8.10945
90800 2.11824 3.04436 2.93295 8.09555
90900 1.92526 2.82287 2.98625 7.73439
91000 2.04727 2.7939 3.20093 8.0421
91100 1.82178 2.99634 2.93716 7.75528
91200 2.02257 2.89727 2.8793 7.79914
91300 2.09924 3.03251 2.88545 8.01719
91400 2.07032 3.02012 3.07559 8.16604
91500 2.16481 2.89635 3.08606 8.14722
91600 2.00625 3.15355 3.1919 8.3517
91700 1.9137 3.08927 3.24824 8.2512
91800 2.07939 3.13413 3.0116 8.22512
91900 2.00544 3.12073 2.95576 8.08192
92000 2.00442 3.05912 2.93835 8.00189
92100 2.01405 2.80593 2.97601 7.79599
92200 2.13104 2.97757 3.07109 8.1797
92300 1.80664 2.98397 2.97635 7.76695
92400 1.99672 2.97895 3.08223 8.0579
92500 2.06289 3.11288 2.95933 8.13509
92600 2.09971 3.03771 2.88692 8.02434
92700 2.10562 3.10558 3.09117 8.30238
92800 2.168 3.1745 3.18854 8.53104
92900 1.9741 3.20312 3.27991 8.45713
93000 2.08405 3.07816 3.11338 8.2756
93100 2.12965 3.05392 3.34003 8.5236
93200 2.20989 3.15118 3.11403 8.47509
93300 2.38163 3.37144 2.99135 8.74442
93400 2.10865 3.03346 2.86091 8.00303
93500 2.26954 3.29221 2.85984 8.42159
93600 2.21864 3.12447 3.1076 8.45071
93700 2.23176 3.17928 2.79743 8.20847
93800 2.2259 3.32343 2.90835 8.45768
93900 2.28296 3.18517 2.86832 8.33646
94000 2.29995 3.01917 2.79739 8.11651
94100 2.43214 3.22142 2.99077 8.64433
94200 2.20489 3.22601 2.91319 8.34408
94300 2.25039 3.18165 2.95786 8.3899
94400 2.39248 3.34792 2.86777 8.60816
94500 2.17392 3.11373 2.95581 8.24347
94600 2.3797 3.25515 2.68879 8.32364
94700 2.55388 3.41787 3.09238 9.06413
94800 2.49352 3.34873 3.18232 9.02457
94900 2.40182 3.25928 3.23911 8.90021
95000 2.44406 3.03221 3.01159 8.48786
95100 2.54759 2.91127 2.98327 8.44214
95200 2.50914 3.0381 3.01904 8.56629
95300 2.50668 3.28968 3.06624 8.8626
95400 2.4925 3.20431 3.03477 8.73158
95500 2.06995 3.21649 2.87875 8.16519
95600 2.30966 3.33367 2.97014 8.61347
95700 2.44901 3.31321 3.12209 8.8843
95800 2.35658 3.45414 3.07318 8.8839
95900 2.43009 3.31503 3.28382 9.02894
96000 2.36593 3.23225 3.17152 8.7697
96100 2.36117 3.16836 2.93691 8.46645
96200 2.38733 3.09511 2.84706 8.3295
96300 2.37822 2.98863 2.89371 8.26056
96400 2.55821 3.18832 2.92105 8.66757
96500 2.32 3.33153 3.00877 8.6603
96600 2.44994 3.14855 2.9074 8.50589
96700 2.54349 3.07243 3.09105 8.70697
96800 2.42417 3.14845 3.01607 8.58869
96900 2.4752 3.24568 2.95388 8.67475
97000 2.39797 3.44951 3.12494 8.97242
97100 2.34205 3.35431 3.0524 8.74877
97200 2.28915 3.26068 3.10266 8.6525
97300 2.21808 3.34713 2.96019 8.52539
97400 2.26814 3.0871 2.79777 8.15301
97500 2.40031 3.38909 3.32135 9.11075
97600 2.34244 3.27804 3.11902 8.7395
97700 2.21147 3.19049 3.02786 8.42982
97800 2.22503 3.35118 2.8498 8.42601
97900 2.18934 3.15947 2.99025 8.33906
98000 2.26613 3.18173 3.00399 8.45186
98100 2.36517 3.21305 2.98812 8.56635
98200 2.14176 3.45867 3.01537 8.61581
98300 2.03808 3.29988 2.96414 8.3021
98400 2.24701 3.28184 3.07936 8.60821
98500 2.25409 3.22909 2.97942 8.4626
98600 2.20107 3.1823 2.87564 8.25901
98700 2.16682 3.29225 2.96409 8.42316
98800 2.35709 3.21699 3.03416 8.60825
98900 2.41976 3.34006 3.2168 8.97662
99000 2.43607 3.31043 2.96559 8.71209
99100 2.39468 3.18804 2.9686 8.55132
99200 2.2915 3.00444 3.3629 8.65885
99300 2.13318 3.27531 3.33944 8.74793
99400 2.27069 3.19869 3.2995 8.76888
99500 2.34144 3.34968 2.92176 8.61288
99600 2.2012 3.33112 2.78529 8.31761
99700 2.28203 3.33559 3.09865 8.71627
99800 2.24583 3.30468 3.06299 8.6135
99900 2.13155 3.31731 3.02387 8.47273
100000 2.25276 3.24617 3.17032 8.66925
100100 2.23798 3.33991 3.09237 8.67027
100200 2.21876 3.48898 3.00629 8.71403
100300 2.27432 3.27263 3.24003 8.78698
100400 2.23256 3.35042 3.21292 8.7959
100500 2.33962 3.43327 3.01077 8.78366
100600 2.34909 3.5016 3.07014 8.92083
100700 2.35834 3.25635 3.00514 8.61983
100800 2.30224 3.1871 3.09165 8.58099
100900 2.4754 3.20424 3.09681 8.77645
101000 2.37789 3.21627 3.01996 8.61412
101100 2.32765 3.28422 3.19814 8.81002
101200 2.27662 3.158 3.00028 8.4349
101300 2.38553 2.99364 3.08053 8.4597
101400 2.35634 2.99799 3.19783 8.55216
101500 2.23551 3.01951 3.15906 8.41408
101600 2.2901 3.02585 3.1192 8.43515
101700 2.31415 3.11099 3.09189 8.51703
101800 2.24499 3.07579 3.158 8.47878
101900 2.08445 3.02266 3.15015 8.25726
102000 2.3998 3.24464 3.21348 8.85793
102100 2.22825 3.33849 3.1321 8.69884
102200 2.16893 3.26286 2.97613 8.40792
102300 2.19469 3.25243 3.15963 8.60676
102400 2.42118 3.30985 2.91574 8.64677
102500 2.49107 3.32077 2.97418 8.78602
102600 2.30256 3.17798 3.0148 8.49534
102700 2.0847 3.31596 3.22668 8.62734
102800 2.02052 3.39767 3.31286 8.73105
102900 2.29554 3.45057 2.97653 8.72263
103000 2.16658 3.34934 2.99823 8.51415
103100 2.25191 3.09469 3.32459 8.67119
103200 2.35001 3.43227 3.28048 9.06277
103300 2.4519 3.15373 3.24281 8.84844
103400 2.55416 3.37054 3.31167 9.23636
103500 2.34697 3.08004 3.35264 8.77966
103600 2.26739 3.21026 3.22906 8.70671
103700 2.46942 3.20693 3.29327 8.96963
103800 2.34684 3.20104 3.32642 8.87431
103900 2.21491 3.3161 3.08339 8.6144
104000 2.42703 3.2154 3.25334 8.89578
104100 2.3969 3.26893 2.99061 8.65644
104200 2.41842 3.40126 3.12789 8.94757
104300 2.48559 3.29818 3.07185 8.85562
104400 2.59244 3.38299 3.30555 9.28098
104500 2.41431 3.29695 3.20542 8.91667
104600 2.29143 3.30019 3.11275 8.70437
104700 2.24337 3.42167 2.93592 8.60096
104800 2.64215 3.27101 2.96677 8.87993
104900 2.47905 3.14213 2.92135 8.54253
105000 2.39568 3.02944 3.20507 8.63018
105100 2.346 3.38804 2.891 8.62503
105200 2.63621 3.15898 2.7732 8.56839
105300 2.33261 2.99522 2.90399 8.23182
105400 2.41895 3.3666 2.95097 8.73652
105500 2.34135 3.18639 3.13116 8.65889
105600 2.3219 3.31917 3.03116 8.67223
105700 2.39013 3.32337 3.17759 8.89109
105800 2.39967 3.43943 3.18502 9.02411
105900 2.36397 3.2513 3.39069 9.00596
106000 2.46848 2.9988 3.27691 8.74419
106100 2.34458 3.27369 3.01793 8.6362
106200 2.34995 3.25968 3.24789 8.85752
106300 2.407 3.26022 3.19521 8.86243
106400 2.32368 3.17258 3.14945 8.64571
106500 2.44323 2.98948 3.12156 8.55427
106600 2.33542 3.29465 2.9834 8.61347
106700 2.27915 3.22484 3.1124 8.61639
106800 2.23772 3.30772 3.23419 8.77963
106900 2.11013 3.14896 3.12799 8.38708
107000 2.17422 3.16897 3.30508 8.64826
107100 2.40835 3.28 3.07343 8.76177
107200 2.23768 3.15922 2.97542 8.37232
107300 2.41687 3.19723 3.06926 8.68336
107400 2.51552 3.29915 2.89802 8.71269
107500 2.39689 3.34542 3.1458 8.88812
107600 2.37139 3.33436 3.16598 8.87173
107700 2.3499 3.34505 3.11983 8.81478
107800 2.18362 3.4996 2.89923 8.58246
107900 2.17441 3.64827 2.9341 8.75678
108000 2.25562 3.18537 2.93476 8.37575
108100 2.19282 3.39998 3.00057 8.59337
108200 2.32612 3.31274 3.04079 8.67965
108300 2.14937 3.18994 3.06964 8.40895
108400 2.27542 3.33592 2.9977 8.60903
108500 2.47354 3.42633 3.06841 8.96828
108600 2.29726 2.9981 2.98822 8.28359
108700 2.43014 3.28434 3.21486 8.92934
108800 2.50437 3.34396 3.2991 9.14744
108900 2.41198 3.12098 3.27893 8.81189
109000 2.41965 3.06442 2.96845 8.45252
109100 2.36935 3.04806 3.16733 8.58474
109200 2.51294 3.17266 3.2231 8.90869
109300 2.69214 3.28885 3.08916 9.07015
109400 2.63069 3.28144 3.26562 9.17775
109500 2.37147 3.13778 3.35207 8.86132
109600 2.2224 3.38348 2.98746 8.59333
109700 2.36095 3.38909 2.98388 8.73392
109800 2.10061 3.2399 3.10264 8.44315
109900 2.27527 3.19193 3.13273 8.59994
110000 2.28622 3.3868 3.39771 9.07073
110100 2.26086 3.19264 3.32402 8.77752
110200 2.22898 3.36505 3.18657 8.7806
110300 2.36464 3.36739 3.37199 9.10402
110400 2.1351 3.20082 3.2606 8.59651
110500 2.29977 3.17134 3.19981 8.67092
110600 2.52948 3.26801 3.45168 9.24917
110700 2.4228 3.39285 3.31431 9.12997
110800 2.38453 3.14856 3.1791 8.71219
110900 2.19121 3.63127 3.26542 9.08791
111000 2.3175 3.59877 3.15247 9.06874
111100 2.35177 3.32151 2.89609 8.56937
111200 2.49377 3.23646 2.87306 8.60329
111300 2.41849 3.10806 3.18697 8.71352
111400 2.5255 3.14461 2.92941 8.59953
111500 2.44021 3.31813 2.90547 8.66381
111600 2.2469 3.22952 2.63674 8.11316
111700 2.39383 3.25632 2.90623 8.55638
111800 2.46391 3.06493 3.02914 8.55798
111900 2.5153 3.27663 2.8554 8.64732
112000 2.58039 3.09411 2.99277 8.66726
112100 2.35481 3.27411 2.96412 8.59303
112200 2.28586 3.2738 3.06782 8.62748
112300 2.21129 3.50297 2.86385 8.57811
112400 2.47131 3.29646 3.00996 8.77773
112500 2.36648 3.48018 3.04096 8.88762
112600 2.27547 3.34175 3.08606 8.70329
112700 2.45373 3.23262 3.1031 8.78945
112800 2.36381 3.27015 3.02948 8.66344
112900 2.31372 3.15255 3.16272 8.62898
113000 2.39922 3.27654 3.29485 8.97061
113100 2.40431 3.31618 3.07265 8.79313
113200 2.48078 3.36721 2.96533 8.81332
113300 2.32501 3.16004 2.99862 8.48367
113400 2.43183 2.96169 3.07584 8.46936
113500 2.11017 3.11583 3.07745 8.30345
113600 2.2048 3.27699 3.1156 8.59738
113700 2.38427 3.00668 3.20556 8.59652
113800 2.29467 3.12029 3.40753 8.8225
113900 2.32911 2.93503 3.27691 8.54105
114000 2.38671 3.12802 3.57063 9.08536
114100 2.32799 3.0235 3.67312 9.02461
114200 2.48778 3.10761 3.37775 8.97314
114300 2.37367 2.83745 3.26831 8.47943
114400 2.52151 2.85724 3.12109 8.49983
114500 2.27923 3.13916 3.30901 8.7274
114600 2.46375 3.10838 3.35945 8.93159
114700 2.53145 3.09707 3.28188 8.91039
114800 2.39261 3.01392 3.23765 8.64417
114900 2.28001 3.09311 3.17052 8.54364
115000 2.49464 3.10108 3.2088 8.80451
115100 2.5614 2.98179 3.6407 9.18389
115200 2.57151 3.06355 3.51282 9.14787
115300 2.59526 2.84422 3.23952 8.679
115400 2.4696 2.9484 3.11561 8.53361
115500 2.56154 3.08477 3.12463 8.77094
115600 2.41642 2.81161 3.18291 8.41093
115700 2.32082 2.90304 3.35311 8.57698
115800 2.62872 3.0312 3.44053 9.10045
115900 2.42765 3.01548 3.35312 8.79625
116000 2.51525 3.08237 3.28503 8.88265
116100 2.5238 3.15912 3.69812 9.38104
116200 2.39341 3.00554 3.23983 8.63879
116300 2.58131 2.99624 3.18789 8.76544
116400 2.62188 2.99107 3.35472 8.96766
116500 2.53466 2.97394 3.42457 8.93318
116600 2.58456 2.87066 3.25658 8.71179
116700 2.60018 2.96603 3.32165 8.88786
116800 2.56634 2.94411 3.23295 8.74339
116900 2.74573 3.03476 3.06762 8.84811
117000 2.70809 3.05088 3.08689 8.84587
117100 2.69794 3.14277 3.08811 8.92883
117200 2.79733 3.24818 3.22019 9.2657
117300 2.82644 3.18459 3.17831 9.18934
117400 2.98062 3.43851 3.04841 9.46755
117500 2.97232 3.19232 3.25932 9.42397
117600 2.83935 3.39822 3.26294 9.50051
117700 2.76274 3.33135 3.22413 9.31823
117800 2.97298 3.37359 3.21424 9.56081
117900 2.76426 3.36747 3.29035 9.42209
118000 2.69675 3.42418 3.27189 9.39281
118100 2.73863 3.33419 3.50548 9.5783
118200 2.91567 3.09057 3.49064 9.49688
118300 2.89239 3.01931 3.47882 9.39052
118400 2.83364 3.09698 3.45726 9.38789
118500 2.79515 3.13678 3.38517 9.3171
118600 2.70941 3.13799 3.47051 9.31791
118700 2.89754 3.06886 3.41709 9.38348
118800 2.7746 3.05102 3.49935 9.32496
118900 2.934 2.93882 3.2283 9.10112
119000 2.80647 3.16883 3.0414 9.0167
119100 2.73098 3.26512 3.24993 9.24603
119200 2.88735 3.40022 3.21623 9.5038
119300 2.83075 3.54095 2.99251 9.3642
119400 2.7787 3.61474 3.15887 9.55231
119500 2.87104 3.39664 3.15761 9.4253
119600 2.819 3.37738 3.26001 9.45639
119700 2.75458 3.44411 3.25239 9.45107
119800 2.7183 3.28622 3.26024 9.26476
119900 2.63952 3.35847 3.27814 9.27613
120000 2.78041 3.29515 3.34155 9.41711
120100 2.72774 3.36459 3.29062 9.38295
120200 2.71755 3.3636 3.49855 9.5797
120300 2.6475 3.24678 3.75411 9.6484
120400 2.74373 3.36676 3.28725 9.39774
120500 2.74739 3.39947 3.26533 9.41219
120600 3.01928 3.43778 3.29766 9.75473
120700 2.88745 3.54724 3.29578 9.73048
120800 2.6626 3.2405 3.42246 9.32557
120900 2.82857 3.4536 3.41612 9.69829
121000 2.73723 3.50593 3.0812 9.32436
121100 2.62225 3.24169 3.55669 9.42063
121200 2.88265 3.53275 3.40429 9.81969
121300 2.90396 3.32486 3.47068 9.69951
121400 2.79498 3.31841 3.48405 9.59744
121500 2.7615 3.41006 3.53343 9.705
121600 2.94952 3.38488 3.34955 9.68395
121700 2.82645 3.37477 3.28289 9.48411
121800 2.93686 3.27386 3.27603 9.48676
121900 2.87352 3.32837 3.21248 9.41437
122000 2.86881 3.17799 3.42665 9.47345
122100 2.80052 3.39931 3.54236 9.7422
122200 2.54638 3.56262 3.28587 9.39487
122300 2.83921 3.44186 3.52101 9.80208
122400 2.6748 3.22158 3.34873 9.2451
122500 2.8106 3.209 3.26379 9.28339
122600 2.70606 3.21315 3.4154 9.33461
122700 2.7017 3.38902 3.59909 9.6898
122800 2.72767 3.35423 3.55756 9.63946
122900 2.58274 3.04519 3.43928 9.0672
123000 2.59663 3.04618 3.33218 8.97499
123100 2.86187 3.15404 3.65556 9.67146
123200 2.6025 3.27697 3.42271 9.30218
123300 2.78853 2.97702 3.43199 9.19754
123400 2.9414 3.04466 3.33763 9.32368
123500 2.79697 3.31147 3.24008 9.34852
123600 2.76141 3.05473 3.38888 9.20501
123700 2.83329 3.14956 3.62918 9.61204
123800 2.73505 3.40036 3.43379 9.56919
123900 2.64437 3.20488 3.21957 9.06882
124000 2.7635 3.17976 3.28238 9.22564
124100 2.71848 3.2377 3.40387 9.36005
124200 2.96082 3.11973 3.44522 9.52577
124300 2.66845 3.31296 3.67803 9.65944
124400 2.67159 3.43654 3.59957 9.7077
124500 2.74187 3.0167 3.60801 9.36658
124600 2.81398 3.13632 3.57187 9.52216
124700 2.81076 3.26294 3.59082 9.66452
124800 2.79557 3.21245 3.45889 9.4669
124900 2.64835 3.06888 3.67119 9.38842
125000 2.75823 3.05442 3.70862 9.52127
125100 2.81053 3.3386 3.49893 9.64806
125200 2.77947 3.15423 3.40158 9.33528
125300 2.66516 3.0622 3.40476 9.13212
125400 2.77117 3.25041 3.43381 9.45539
125500 2.61887 3.24104 3.38484 9.24475
125600 3.01775 3.24202 3.26516 9.52493
125700 2.9717 3.21211 3.32318 9.50698
125800 2.75141 3.21667 3.22514 9.19322
125900 2.97539 3.4074 3.31823 9.70102
126000 2.96703 3.34011 3.49709 9.80424
126100 2.96812 3.13562 3.37423 9.47797
126200 2.94017 3.16524 3.40606 9.51147
126300 3.25002 3.13784 3.33796 9.72582
126400 2.90525 3.22404 3.19065 9.31995
126500 2.86127 3.0986 3.2096 9.16947
126600 2.99286 3.06272 3.35781 9.41339
126700 2.70176 3.04553 3.06933 8.81662
126800 2.82267 3.02094 3.34609 9.1897
126900 2.81931 3.04869 3.22505 9.09304
127000 2.7692 3.23743 3.21546 9.22209
127100 2.70811 3.25689 3.18527 9.15028
127200 2.81792 3.15453 3.14166 9.11412
127300 2.67915 3.26152 3.18234 9.12301
127400 2.65884 3.3031 3.393 9.35494
127500 2.9314 3.4948 3.22771 9.6539
127600 2.60972 3.36773 3.20308 9.18052
127700 2.79062 3.39022 3.48738 9.66822
127800 2.69386 3.20748 3.47281 9.37414
127900 2.624 3.22353 3.26758 9.11511
128000 2.52328 3.22049 3.26472 9.00849
128100 2.61288 3.17426 3.34424 9.13138
128200 2.689 3.15735 3.36234 9.20869
128300 2.73044 3.37093 3.32897 9.43034
128400 2.51911 3.34329 3.70296 9.56536
128500 2.56326 3.22682 3.50822 9.2983
128600 2.69552 3.18816 3.32273 9.2064
128700 2.6474 3.16885 3.40201 9.21826
128800 2.80815 3.40013 3.51879 9.72707
128900 2.62169 3.15887 3.42947 9.21003
129000 2.77651 3.10769 3.56984 9.45405
129100 2.81953 3.46064 3.65811 9.93828
129200 2.72264 3.15541 3.17309 9.05114
129300 2.87416 3.40925 3.43249 9.71589
129400 2.60292 3.1414 3.23614 8.98045
129500 2.91324 3.32987 3.27526 9.51837
129600 2.7375 3.24682 3.33968 9.32399
129700 2.93625 3.27688 3.47255 9.68568
129800 3.01141 3.26841 3.56308 9.8429
129900 2.96415 3.28713 3.27847 9.52975
130000 2.93477 3.26322 3.4006 9.59859
130100 2.92535 3.25026 3.43343 9.60904
130200 2.888 3.29582 3.13007 9.31388
130300 2.83598 3.33826 3.23717 9.41141
130400 2.91836 3.21815 3.30929 9.4458
130500 3.01759 3.11004 3.20385 9.33148
130600 2.99514 3.18406 3.32562 9.50481
130700 2.84013 3.20919 3.63614 9.68546
130800 2.90595 3.14775 3.27064 9.32434
130900 2.8906 3.4121 3.54156 9.84426
131000 2.97195 3.22564 3.59124 9.78884
131100 2.8101 3.16837 3.45995 9.43842
131200 2.91887 3.11666 3.38976 9.42529
131300 2.85013 3.19703 3.19086 9.23802
131400 2.82221 3.41943 3.52928 9.77091
131500 2.74754 3.23133 3.38621 9.36508
131600 2.91948 3.31377 3.42089 9.65414
131700 2.97225 3.36927 3.43917 9.78068
131800 2.7735 3.25566 3.36427 9.39343
131900 2.77297 3.22167 3.34427 9.33891
132000 2.76047 3.34621 3.6101 9.71678
132100 2.92332 3.47806 3.65876 10.0601
132200 2.95126 3.19715 3.19494 9.34335
132300 2.9664 3.30837 3.30978 9.58455
132400 2.88845 3.23521 3.52884 9.6525
132500 2.91357 3.36444 3.72217 10.0002
132600 2.76064 3.333 3.56522 9.65887
132700 2.92143 3.39929 3.62487 9.9456
132800 2.88035 3.04959 3.46582 9.39576
132900 2.63419 3.10091 3.24983 8.98493
133000 2.69038 3.17147 3.32758 9.18942
133100 2.76326 2.97585 3.11239 8.85149
133200 2.97578 3.08816 3.59743 9.66137
133300 2.82739 3.21276 3.33266 9.37281
133400 2.78921 3.2545 3.04554 9.08925
133500 2.78737 3.18699 3.23312 9.20748
133600 2.83308 3.0919 3.20628 9.13126
133700 2.92839 3.05978 3.4577 9.44588
133800 2.85625 2.97917 3.09348 8.9289
133900 2.9213 3.11397 3.55376 9.58903
134000 2.94657 3.09364 3.61543 9.65563
134100 2.97722 3.18198 3.34657 9.50577
134200 3.05459 3.04263 3.5032 9.60043
134300 2.76961 3.2711 3.54659 9.58731
134400 2.87849 3.11729 3.42485 9.42063
134500 2.75572 3.04262 3.58772 9.38606
134600 2.86929 3.24123 3.5287 9.63923
134700 3.1584 3.21173 3.45419 9.82433
134800 2.85466 3.09211 3.30046 9.24724
134900 2.83756 3.13791 3.13645 9.11191
135000 2.78792 3.54538 3.44731 9.78061
135100 2.83792 3.53594 3.12624 9.50011
135200 2.69044 3.38567 3.52484 9.60095
135300 2.77213 3.10345 3.29279 9.16837
135400 2.67238 3.17512 3.24111 9.08861
135500 2.82272 3.15409 3.53847 9.51528
135600 2.91508 3.27848 3.40575 9.5993
135700 2.92868 3.38228 3.38386 9.69482
135800 2.91392 3.39942 3.56603 9.87937
135900 2.96783 3.21497 3.3882 9.571
136000 2.89986 3.41321 3.57753 9.8906
136100 2.79099 3.39092 3.36626 9.54818
136200 2.66737 3.40578 3.48118 9.55433
136300 2.73723 3.22497 3.73196 9.69416
136400 3.02764 3.55835 3.76175 10.3477
136500 2.7285 3.56312 3.67414 9.96576
136600 2.62701 3.76944 3.74337 10.1398
136700 2.69304 3.80831 3.75809 10.2594
136800 2.69016 3.72393 3.72645 10.1405
136900 2.6786 3.48341 3.88534 10.0473
137000 2.87588 3.76154 3.67224 10.3097
137100 3.03232 3.62332 3.55179 10.2074
137200 3.02418 3.60345 3.38142 10.009
137300 2.81847 3.56922 3.4447 9.83239
137400 2.66569 3.48683 3.6739 9.82642
137500 2.89178 3.50924 3.42894 9.82996
137600 2.53735 3.43991 3.55833 9.53559
137700 2.93893 3.44184 3.42994 9.81071
137800 2.99049 3.5162 3.61234 10.119
137900 2.81703 3.53503 3.56272 9.91478
138000 2.90141 3.56326 3.28197 9.74665
138100 3.04003 3.55746 3.43736 10.0349
138200 3.21438 3.70906 3.74285 10.6663
138300 3.11925 3.88032 3.41108 10.4106
138400 3.24478 3.7948 3.6044 10.644
138500 3.16307 3.72588 3.55201 10.441
138600 3.08924 3.75475 3.40443 10.2484
138700 3.15008 3.655 3.49163 10.2967
138800 3.06517 3.54336 3.38521 9.99374
138900 3.25719 3.73132 3.38193 10.3704
139000 3.09115 3.64142 3.53505 10.2676
139100 3.14964 3.56462 3.34596 10.0602
139200 3.07529 3.48828 3.42666 9.99022
139300 3.15316 3.63641 3.54812 10.3377
139400 2.91359 3.66691 3.63108 10.2116
139500 2.98722 3.79771 3.2993 10.0842
139600 2.99411 3.74323 3.52259 10.2599
139700 3.1381 3.58707 3.33749 10.0627
139800 3.20734 3.70197 3.64859 10.5579
139900 3.14647 3.85073 3.23106 10.2283
140000 3.37577 3.82659 3.4997 10.7021
140100 3.05604 3.88368 3.6747 10.6144
140200 2.99789 3.94072 3.44124 10.3798
140300 3.03435 3.77059 3.50858 10.3135
140400 3.38246 3.94115 3.55383 10.8774
140500 3.2863 3.96055 3.83647 11.0833
140600 3.25368 3.96651 3.47357 10.6938
140700 3.29901 3.87272 3.62492 10.7966
140800 3.34476 3.97715 3.653 10.9749
140900 3.18471 4.10257 3.7441 11.0314
141000 3.04092 4.0849 3.63747 10.7633
141100 3.00536 4.29908 3.82959 11.134
141200 3.15874 4.11997 3.90779 11.1865
141300 3.2247 4.18528 3.67895 11.0889
141400 3.09873 4.3855 3.72056 11.2048
141500 3.23575 4.08416 3.73648 11.0564
141600 3.09357 4.3455 3.95099 11.3901
141700 3.27918 3.95287 3.79321 11.0253
141800 3.12491 4.20213 3.83939 11.1664
141900 3.27226 4.47767 3.75411 11.504
142000 3.28468 4.23876 4.00612 11.5296
142100 3.29657 4.38731 3.72709 11.411
142200 3.24913 4.21864 3.51902 10.9868
142300 3.19911 4.32121 3.64764 11.168
142400 3.04814 4.55258 3.79352 11.3942
142500 3.19501 4.44683 3.94991 11.5917
142600 3.28748 4.38655 3.60463 11.2787
142700 3.4326 4.13088 3.55572 11.1192
142800 2.9822 4.18411 3.70648 10.8728
142900 3.33262 4.0771 3.78074 11.1905
143000 3.39863 4.36519 3.64365 11.4075
143100 3.44367 4.11464 3.80959 11.3679
143200 3.29232 4.11107 3.51026 10.9137
143300 3.44986 4.03262 3.60054 11.083
143400 3.0984 3.94355 3.55116 10.5931
143500 2.91785 4.142 3.56437 10.6242
143600 3.10499 4.09556 3.58395 10.7845
143700 3.04419 4.20838 3.80959 11.0622
143800 3.10909 4.16505 3.39194 10.6661
143900 3.22954 3.84142 3.42497 10.4959
144000 3.38929 3.93658 3.469 10.7949
144100 3.46013 4.05279 4.04191 11.5548
144200 3.2567 4.45898 3.71219 11.4279
144300 3.21786 4.38894 3.58769 11.1945
144400 3.11628 3.78591 3.5209 10.4231
144500 3.09426 4.0357 3.61438 10.7443
144600 3.16629 4.05088 3.66673 10.8839
144700 3.15681 4.34638 3.69367 11.1969
144800 3.13542 4.28947 3.65592 11.0808
144900 3.11426 3.99216 3.54979 10.6562
145000 3.16368 4.20139 3.66823 11.0333
145100 3.16409 4.13287 3.82665 11.1236
145200 3.13042 4.06875 3.82245 11.0216
145300 3.22539 4.04351 3.77069 11.0396
145400 3.19557 4.39061 3.55852 11.1447
145500 3.10868 4.17695 3.89193 11.1776
145600 3.27492 4.03845 3.66784 10.9812
145700 3.18525 4.12303 3.63745 10.9457
145800 3.01891 4.30194 3.8305 11.1514
145900 3.22507 4.28228 3.81203 11.3194
146000 3.13785 4.55595 3.66322 11.357
146100 3.00981 4.16502 3.75108 10.9259
146200 3.2235 4.22614 3.79134 11.241
146300 3.35161 4.50259 3.59172 11.4459
146400 3.13968 4.31682 3.61466 11.0712
146500 3.06832 4.23817 3.79133 11.0978
146600 3.27031 4.37582 4.02138 11.6675
146700 3.14548 4.38364 3.83958 11.3687
146800 3.12618 4.43401 3.60381 11.164
146900 3.09694 4.35203 3.54017 10.9891
147000 2.84374 4.02528 3.73258 10.6016
147100 2.93648 4.0362 3.42771 10.4004
147200 3.09788 4.25832 3.46292 10.8191
147300 3.05074 4.18841 3.9195 11.1587
147400 2.99606 4.41811 3.91192 11.3261
147500 3.13065 4.62681 3.66834 11.4258
147600 3.2071 4.22092 3.62523 11.0533
147700 3.32962 4.29798 3.60648 11.2341
147800 3.46232 4.26535 3.76766 11.4953
147900 3.12921 4.30703 4.03015 11.4664
148000 3.3536 4.27759 3.81968 11.4509
148100 3.2745 4.32157 3.8779 11.474
148200 3.3978 4.4392 3.82656 11.6636
148300 3.60418 4.2918 4.00583 11.9018
148400 3.29031 4.26404 3.83776 11.3921
148500 3.34597 4.36803 3.68935 11.4033
148600 3.21474 4.1694 3.75633 11.1405
148700 3.30958 4.29646 3.84289 11.4489
148800 3.44063 4.50153 3.95667 11.8988
148900 3.20925 4.37127 3.798 11.3785
149000 3.25159 4.45517 4.08095 11.7877
149100 3.07706 4.51109 4.12238 11.7105
149200 2.90819 4.23828 3.99024 11.1367
149300 3.02896 4.31718 3.64313 10.9893
149400 3.01117 4.51739 3.82736 11.3559
149500 3.11066 4.4779 3.7451 11.3337
149600 3.1528 4.91862 3.85662 11.928
149700 3.0576 4.69798 3.81904 11.5746
149800 3.18426 4.53142 3.78872 11.5044
149900 3.04683 4.56336 3.7988 11.409
150000 3.02092 4.36963 3.81671 11.2073
150100 2.97606 4.48319 3.53549 10.9947
150200 2.90077 4.40377 3.7322 11.0367
150300 2.91289 4.43265 3.8422 11.1877
150400 2.91254 4.5837 4.04654 11.5428
150500 2.90178 4.32168 4.01511 11.2386
150600 3.05692 4.2965 3.80612 11.1595
150700 3.18808 4.48448 4.29486 11.9674
150800 3.16804 4.6058 4.13637 11.9102
150900 3.19502 4.5617 4.12705 11.8838
151000 3.3597 4.64332 3.88157 11.8846
151100 3.07549 4.44752 4.08479 11.6078
151200 3.1543 4.15854 3.74543 11.0583
151300 3.14049 4.5547 3.89908 11.5943
151400 2.94413 4.5081 3.72683 11.1791
151500 3.07015 4.4881 3.58255 11.1408
151600 3.03992 4.53125 3.55093 11.1221
151700 3.01847 4.58014 3.88147 11.4801
151800 2.80551 4.748 3.67827 11.2318
151900 3.00415 4.61487 3.73745 11.3565
152000 2.78725 4.62963 3.75243 11.1693
152100 2.75644 4.46505 3.79991 11.0214
152200 2.82348 4.55172 3.70784 11.083
152300 2.98563 4.39792 3.65294 11.0365
152400 2.97543 4.53833 3.89364 11.4074
152500 2.74485 4.57228 3.85899 11.1761
152600 2.92563 4.67724 3.99039 11.5933
152700 2.94799 4.86976 3.99318 11.8109
152800 2.7381 4.35006 3.73526 10.8234
152900 2.74472 4.37776 3.70152 10.824
153000 2.9326 4.52707 3.98053 11.4402
153100 2.91445 4.54995 3.65763 11.122
153200 2.96737 4.52198 3.85425 11.3436
153300 3.07116 4.60737 3.69484 11.3734
153400 2.86187 4.38828 3.74175 10.9919
153500 2.93518 4.4729 3.85863 11.2667
153600 3.10665 4.46401 3.71042 11.2811
153700 3.04694 4.54525 3.86379 11.456
153800 2.91184 4.47432 3.92342 11.3096
153900 3.0268 4.52803 3.81802 11.3729
154000 3.09542 4.42557 3.85863 11.3796
154100 3.06549 4.21592 3.80268 11.0841
154200 3.03658 4.55868 3.90743 11.5027
154300 2.82719 4.37626 3.78819 10.9916
154400 2.75986 4.66372 3.81464 11.2382
154500 3.13745 4.68235 3.87316 11.693
154600 2.84076 4.43186 3.92202 11.1946
154700 2.69893 4.51831 3.83483 11.0521
154800 2.67484 4.6124 3.6958 10.983
154900 2.9932 4.49135 3.67548 11.16
155000 2.79155 4.58741 3.83237 11.2113
155100 2.75312 4.37272 3.54927 10.6751
155200 2.85793 4.44246 3.58918 10.8896
155300 2.84257 4.34111 3.67444 10.8581
155400 2.91509 4.24292 3.56677 10.7248
155500 2.78993 4.30864 3.66724 10.7658
155600 3.04956 4.33396 3.61556 10.9991
155700 2.92471 4.32919 3.62304 10.8769
155800 2.99891 4.53676 3.79805 11.3337
155900 2.84982 4.85027 3.91359 11.6137
156000 2.82922 4.63796 3.936 11.4032
156100 2.9917 4.63801 3.78163 11.4113
156200 2.81824 4.65716 3.6678 11.1432
156300 2.95075 4.63344 4.01857 11.6028
156400 2.96901 4.43708 3.92688 11.333
156500 2.80268 4.88342 4.11612 11.8022
156600 2.90575 4.81572 4.0702 11.7917
156700 2.86824 4.59555 3.87753 11.3413
156800 2.91391 4.67455 3.89468 11.4831
156900 3.0161 4.75519 4.09571 11.867
157000 2.96102 4.74707 3.80551 11.5136
157100 2.94075 4.83357 3.78801 11.5623
157200 3.07281 4.71401 3.8783 11.6651
157300 2.96046 4.84992 3.56291 11.3733
157400 2.75309 4.55364 3.88605 11.1928
157500 2.87305 4.50754 3.89107 11.2717
157600 2.88126 4.46676 3.83149 11.1795
157700 2.85264 4.37013 3.67917 10.9019
157800 3.06151 4.44769 3.66176 11.171
157900 2.95656 4.34457 3.68558 10.9867
158000 3.02485 4.21446 3.5502 10.7895
158100 2.97082 4.45639 3.59051 11.0177
158200 2.97469 4.23386 3.82564 11.0342
158300 2.92892 4.40694 3.92916 11.265
158400 3.07643 4.4914 3.95112 11.5189
158500 3.17456 4.40828 3.91106 11.4939
158600 3.08117 4.81326 4.03149 11.9259
158700 3.01113 4.88282 4.0636 11.9575
158800 3.2095 4.47912 3.8195 11.5081
158900 3.07058 4.57992 3.86514 11.5156
159000 3.06923 4.51314 4.15544 11.7378
159100 2.95807 4.48552 4.07382 11.5174
159200 2.97799 4.6587 3.91468 11.5514
159300 3.01454 4.25754 3.93204 11.2041
159400 3.01923 4.40607 4.0708 11.4961
159500 3.02424 4.66071 4.03305 11.718
159600 2.91947 4.44051 4.17088 11.5309
159700 3.02134 4.49326 4.04816 11.5628
159800 3.008 4.30607 4.18218 11.4963
159900 3.11646 4.38805 4.04574 11.5502
160000 3.24337 4.58491 4.01715 11.8454
160100 3.09393 4.63129 3.87719 11.6024
160200 3.06864 4.45121 3.80982 11.3297
160300 2.93013 4.83482 3.81126 11.5762
160400 2.88996 4.59865 3.7379 11.2265
160500 3.22036 4.39105 3.94116 11.5526
160600 3.14375 4.61217 3.75798 11.5139
160700 3.24722 4.7414 4.1267 12.1153
160800 3.14009 4.71674 3.88126 11.7381
160900 3.18784 4.69164 3.96132 11.8408
161000 3.28155 4.56624 3.79071 11.6385
161100 3.3559 4.70221 4.05289 12.111
161200 3.77944 4.98597 4.19548 12.9609
161300 3.70834 4.50902 4.0043 12.2217
161400 3.90941 4.68536 4.09649 12.6913
161500 4.04538 4.75045 4.38406 13.1799
161600 3.96628 4.92531 4.13956 13.0312
161700 4.07918 5.01841 4.37727 13.4749
161800 4.04727 4.80177 4.2278 13.0768
161900 3.90257 4.81657 3.86785 12.587
162000 4.10703 4.82357 4 12.9306
162100 3.95628 4.71377 3.98015 12.6502
162200 4.13016 4.88528 4.06403 13.0795
162300 4.00673 4.6819 4.14143 12.8301
162400 3.84999 4.62283 3.96136 12.4342
162500 4.19549 4.75368 4.15652 13.1057
162600 4.01775 4.75065 4.08161 12.85
162700 4.20953 4.72542 4.19859 13.1335
162800 4.08299 4.73278 4.34178 13.1576
162900 3.99689 4.76325 3.84498 12.6051
163000 4.17697 4.81584 4.18577 13.1786
163100 4.01822 4.95294 4.20706 13.1782
163200 4.26256 4.97679 4.24145 13.4808
163300 4.29079 4.73389 4.22148 13.2462
163400 4.24563 4.92034 4.30725 13.4732
163500 4.19712 4.94 4.15661 13.2937
163600 4.05154 4.88877 4.0771 13.0174
163700 4.13539 4.76896 4.22524 13.1296
163800 3.99157 4.91967 4.26152 13.1728
163900 4.09006 4.59493 4.14626 12.8312
164000 3.92034 4.66229 4.26141 12.844
164100 3.89349 4.70361 4.16751 12.7646
164200 3.89526 4.56531 4.09335 12.5539
164300 3.80705 4.79961 4.01829 12.625
164400 3.93369 4.82096 4.15429 12.9089
164500 4.1271 5.07961 4.36833 13.575
164600 4.12377 4.9387 4.19565 13.2581
164700 4.14489 4.9987 4.34759 13.4912
164800 4.23683 4.80242 4.04863 13.0879
164900 4.16827 4.8758 4.4293 13.4734
165000 4.10501 4.65517 4.31041 13.0706
165100 4.10628 5.01819 4.21126 13.3357
165200 4.03578 4.86235 3.91599 12.8141
165300 4.10948 4.83486 4.13313 13.0775
165400 4.04681 4.9391 4.11373 13.0996
165500 3.95959 4.73298 3.77696 12.4695
165600 4.11908 4.81131 4.12876 13.0592
165700 4.02815 4.9007 4.04188 12.9707
165800 4.01512 4.64112 4.02733 12.6836
165900 3.98485 4.8965 4.26281 13.1442
166000 4.10322 4.63553 4.06863 12.8074
166100 4.08036 4.72396 4.09173 12.8961
166200 4.13794 4.68334 4.19605 13.0173
166300 4.34601 4.67409 4.26196 13.2821
166400 3.93397 4.46923 4.26926 12.6725
166500 3.92513 4.42756 4.01675 12.3694
166600 4.10344 4.57439 4.11447 12.7923
166700 4.06282 4.46723 3.73597 12.266
166800 3.9807 4.56347 3.98059 12.5248
166900 4.14176 4.75903 4.01304 12.9138
167000 4.25136 4.8339 4.18357 13.2688
167100 4.16991 5.03697 4.22722 13.4341
167200 4.01145 5.07797 4.17408 13.2635
167300 3.87209 4.81144 4.26458 12.9481
167400 4.20971 4.68125 4.21229 13.1032
167500 3.91185 4.56405 4.10191 12.5778
167600 3.88583 4.86947 3.87566 12.631
167700 3.7898 4.71485 4.11644 12.6211
167800 3.99642 4.60964 3.90826 12.5143
167900 4.18085 4.7367 3.88358 12.8011
168000 4.33764 4.8418 4.08024 13.2597
168100 4.21048 4.84536 4.11673 13.1726
168200 4.34254 4.71395 4.12677 13.1833
168300 4.75213 4.6209 4.34444 13.7175
168400 4.7806 4.65101 3.89248 13.3241
168500 4.68679 4.45321 4.25392 13.3939
168600 4.71781 4.68958 4.08172 13.4891
168700 5.14003 4.83164 3.84258 13.8143
168800 4.89314 4.98093 3.98023 13.8543
168900 4.86321 4.98177 3.72692 13.5719
169000 5.08873 5.17614 3.98099 14.2459
169100 5.0062 5.09384 3.86632 13.9664
169200 4.94748 5.0823 3.8812 13.911
169300 5.24355 5.21168 3.60796 14.0632
169400 4.92712 5.19932 4.09985 14.2263
169500 5.33439 5.00268 4.02611 14.3632
169600 5.09126 4.88047 4.13654 14.1083
169700 5.1673 4.99348 3.98373 14.1445
169800 5.16414 4.92664 3.90227 13.9931
169900 4.91112 4.83584 3.89547 13.6424
170000 5.19742 5.03382 4.11662 14.3479
170100 5.21832 4.95182 4.32234 14.4925
170200 5.16567 4.9331 4.02323 14.122
170300 5.09477 5.01038 3.99768 14.1028
170400 5.06035 5.12212 3.69757 13.88
170500 4.92674 5.38075 3.8334 14.1409
170600 5.20539 4.96379 4.28611 14.4553
170700 4.9683 5.1101 4.01431 14.0927
170800 4.87361 4.8292 3.90745 13.6103
170900 4.64609 4.87946 3.99939 13.5249
171000 4.89344 4.89017 4.16403 13.9476
171100 4.87759 5.23995 3.91731 14.0349
171200 4.70371 5.32709 4.09943 14.1302
171300 4.92583 4.92966 4.17623 14.0317
171400 4.84009 5.30069 4.26482 14.4056
171500 4.77538 5.09447 4.11202 13.9819
171600 5.04102 4.84354 3.95293 13.8375
171700 5.04901 5.15382 3.98415 14.187
171800 4.89375 5.55928 4.04154 14.4946
171900 4.96273 5.17961 3.97765 14.12
172000 4.88133 5.36646 3.77153 14.0193
172100 5.16394 5.07821 3.78908 14.0312
172200 5.13445 5.17167 3.83022 14.1363
172300 5.00184 5.10161 3.71998 13.8234
172400 5.08938 4.96431 3.87741 13.9311
172500 5.09949 5.29105 3.97292 14.3635
172600 5.07571 5.08656 3.74476 13.907
172700 5.13315 4.9726 3.91559 14.0213
172800 4.81477 5.05619 3.90051 13.7715
172900 4.9824 5.08877 3.79969 13.8709
173000 5.0039 5.13879 4.08042 14.2231
173100 4.60421 5.04471 3.94951 13.5984
173200 5.00314 5.05942 3.85535 13.9179
173300 4.91907 5.13979 4.06365 14.1225
173400 5.29544 5.34728 4.04208 14.6848
173500 5.11012 5.28284 3.81129 14.2042
173600 4.87038 4.91761 3.89868 13.6867
173700 4.93645 4.92232 3.79674 13.6555
173800 5.08477 4.78423 3.79884 13.6679
173900 4.93973 5.1131 3.87903 13.9319
174000 4.994 5.06001 3.84887 13.9029
174100 4.98971 5.14541 3.73222 13.8673
174200 5.00581 5.23013 3.86764 14.1036
174300 5.1003 5.1487 3.90099 14.15
174400 4.93125 4.82429 3.67581 13.4314
174500 5.08649 5.09916 3.77912 13.9648
174600 5.07191 5.14712 3.72374 13.9428
174700 5.24547 5.4114 3.55716 14.214
174800 4.73012 5.18176 3.60601 13.5179
174900 5.03331 5.28444 3.67964 13.9974
175000 4.97668 5.0435 3.86256 13.8827
175100 4.9117 5.34054 4.00478 14.257
175200 4.93342 5.23076 3.86677 14.0309
175300 4.67568 4.88492 3.87275 13.4333
175400 4.9569 5.03695 3.88162 13.8755
175500 5.02072 5.11699 3.8214 13.9591
175600 4.92678 4.80102 3.80074 13.5285
175700 4.59641 4.79978 3.7314 13.1276
175800 4.72508 4.97441 3.78433 13.4838
175900 5.0389 5.26927 3.62279 13.931
176000 5.1065 5.38249 3.78446 14.2735
176100 4.80122 5.11494 3.65422 13.5704
176200 4.8608 5.43667 4.04577 14.3432
176300 4.66673 5.32873 3.84967 13.8451
176400 5.12854 5.62208 3.8887 14.6393
176500 4.90211 5.42425 3.82892 14.1553
176600 5.25852 5.50674 4.03744 14.8027
176700 4.90748 5.27185 3.79863 13.978
176800 5.09097 5.32608 4.00786 14.4249
176900 5.05885 5.22713 3.74711 14.0331
177000 5.1615 5.22769 3.79075 14.1799
177100 5.01154 5.42686 3.90349 14.3419
177200 5.06206 5.40347 4.04342 14.509
177300 4.88992 5.32303 3.87771 14.0907
177400 5.03918 5.28931 3.8023 14.1308
177500 5.18153 5.11872 4.02462 14.3249
177600 4.97085 4.74056 3.87251 13.5839
177700 4.95266 5.07999 3.71609 13.7487
177800 4.96641 4.81117 3.74049 13.5181
177900 5.22493 5.02945 3.81803 14.0724
178000 5.1177 5.30139 3.83444 14.2535
178100 5.07801 5.22576 3.81055 14.1143
178200 4.95483 5.28081 3.80323 14.0389
178300 5.01338 5.30914 3.8098 14.1323
178400 5.41237 5.43046 3.70856 14.5514
178500 5.16881 5.10806 3.82367 14.1005
178600 5.18672 5.2204 3.7746 14.1817
178700 5.22512 5.24124 3.89229 14.3587
178800 5.11759 4.96411 3.96236 14.0441
178900 5.21512 5.36381 3.98287 14.5618
179000 4.97334 5.09738 4.01913 14.0899
179100 4.9454 4.97031 3.94674 13.8625
179200 5.18017 5.40933 3.94125 14.5307
179300 4.92383 5.2375 4.02677 14.1881
179400 4.88794 5.02345 3.83816 13.7496
179500 4.97162 4.92273 4.05038 13.9447
179600 4.98765 4.7504 3.78456 13.5226
179700 4.75057 4.81548 3.75875 13.3248
179800 4.78948 5.10141 4.02245 13.9133
179900 5.06403 5.06878 3.79959 13.9324
180000 5.12033 5.00441 3.7717 13.8964
180100 5.22421 5.05002 3.86055 14.1348
180200 5.41654 5.06334 4.04186 14.5217
180300 5.24128 5.02659 4.15105 14.4189
180400 5.1968 5.2351 3.87447 14.3064
180500 5.17014 5.29184 4.15733 14.6193
180600 5.02772 5.22935 3.78287 14.0399
180700 5.01955 5.11005 4.28465 14.4142
180800 4.92103 5.07103 3.85107 13.8431
180900 5.00523 5.41685 3.93337 14.3554
181000 4.85443 4.94272 4.10893 13.9061
181100 5.0273 5.10347 3.80813 13.9389
181200 5.04763 5.10076 3.64069 13.7891
181300 5.30572 5.16101 3.81305 14.2798
181400 4.93066 5.10786 3.93486 13.9734
181500 5.05462 5.20108 3.97252 14.2282
181600 5.13602 4.8864 4.13876 14.1612
181700 5.17994 4.85281 4.08283 14.1156
181800 4.96099 5.03545 3.71432 13.7108
181900 4.93578 5.0184 3.83729 13.7915
182000 4.9214 4.98235 4.17032 14.0741
182100 5.14818 5.04616 3.86168 14.056
182200 4.96007 4.97756 4.20679 14.1444
182300 5.15273 5.05951 3.80228 14.0145
182400 4.98101 5.07258 3.91909 13.9727
182500 4.97187 5.26562 4.13209 14.3696
182600 4.78251 5.13552 3.96271 13.8807
182700 4.9554 5.37604 3.91739 14.2488
182800 5.00665 5.0813 4.02107 14.109
182900 5.14923 5.23161 4.01897 14.3998
183000 5.12993 5.09073 3.95051 14.1712
183100 5.06563 4.95042 4.15566 14.1717
183200 5.09883 5.09369 4.06426 14.2568
183300 4.93889 4.89574 3.92134 13.756
183400 4.91098 5.02061 3.76753 13.6991
183500 4.73386 4.9311 3.76631 13.4313
183600 4.91778 4.81124 4.0287 13.7577
183700 5.11536 5.09288 3.70088 13.9091
183800 5.15428 5.21597 3.77935 14.1496
183900 4.99461 5.17949 3.96636 14.1405
184000 5.2149 5.26137 4.1458 14.6221
184100 5.32621 5.07206 4.01798 14.4162
184200 5.17915 5.26454 3.83432 14.278
184300 5.21134 5.11761 3.89818 14.2271
184400 5.43153 5.28686 3.94043 14.6588
184500 5.18572 5.40541 4.01165 14.6028
184600 5.04057 5.24606 3.86867 14.1553
184700 5.38289 5.51789 3.98312 14.8839
184800 5.08702 5.1098 3.68799 13.8848
184900 4.80726 5.17712 4.0388 14.0232
185000 5.02677 5.25835 4.11552 14.4006
185100 5.14067 4.80978 3.86608 13.8165
185200 4.84723 5.2576 3.87911 13.9839
185300 5.17145 5.33177 4.04869 14.5519
185400 5.61975 5.36105 4.23348 15.2143
185500 5.4117 5.03461 3.95777 14.4041
185600 5.11894 5.18314 3.96067 14.2628
185700 5.36964 5.55594 4.10857 15.0341
185800 5.44071 5.61065 4.09067 15.142
185900 5.35846 5.14903 3.79753 14.305
186000 5.36954 5.12727 3.81603 14.3128
186100 5.28499 5.31028 3.92777 14.523
186200 4.91013 5.50795 4.02055 14.4386
186300 5.0727 5.48736 4.15133 14.7114
186400 5.40381 5.3042 4.18781 14.8958
186500 5.24016 5.50626 4.28667 15.0331
186600 4.86879 4.91993 4.09831 13.887
186700 5.10744 5.01605 4.17576 14.2992
186800 5.28012 5.12687 4.18442 14.5914
186900 5.1761 5.52428 3.83191 14.5323
187000 5.30381 5.1293 3.99679 14.4299
187100 5.20068 5.15532 4.07685 14.4329
187200 5.53856 5.36471 3.90247 14.8057
187300 5.47901 5.21432 4.02175 14.7151
187400 5.12868 5.24724 4.01682 14.3927
187500 5.10568 5.22615 4.0515 14.3833
187600 5.24409 5.34042 4.02654 14.611
187700 5.3492 5.16323 4.07253 14.585
187800 5.33372 5.34724 4.31478 14.9957
187900 4.93771 5.3325 3.90871 14.1789
188000 5.33849 5.16759 3.90114 14.4072
188100 5.27043 5.04629 4.49494 14.8117
188200 4.85446 5.30131 4.28615 14.4419
188300 4.90342 5.33745 4.03053 14.2714
188400 5.22125 5.17923 4.17258 14.5731
188500 5.28189 5.34141 4.04979 14.6731
188600 5.13114 5.42034 4.14446 14.6959
188700 5.32092 5.21986 4.1433 14.6841
188800 5.32252 5.18698 4.02761 14.5371
188900 5.02337 5.30676 4.23097 14.5611
189000 5.00226 5.47917 4.31166 14.7931
189100 4.84196 5.35984 4.26532 14.4671
189200 5.31363 5.23642 4.45707 15.0071
189300 5.05691 5.33843 3.88412 14.2795
189400 4.87124 5.1145 4.39661 14.3824
189500 4.89317 5.2157 4.4066 14.5155
189600 4.90924 5.5084 3.93567 14.3533
189700 4.69351 5.3412 4.18082 14.2155
189800 5.2533 5.40771 4.33067 14.9917
189900 5.02943 5.53017 4.24205 14.8016
190000 4.83817 5.35672 3.93452 14.1294
190100 5.1905 5.62598 4.20919 15.0257
190200 5.17179 5.25387 4.19393 14.6196
190300 5.13725 5.49367 4.13186 14.7628
190400 5.25542 5.40947 4.12398 14.7889
190500 5.17626 5.12643 4.0683 14.371
190600 5.11467 4.86356 4.01868 13.9969
190700 4.93297 5.24818 4.0236 14.2048
190800 5.15574 5.04965 4.1395 14.3449
190900 5.0342 4.98588 4.13276 14.1528
191000 5.27661 5.15228 3.86646 14.2953
191100 5.25914 5.3527 3.97057 14.5824
191200 5.52696 5.45127 4.09767 15.0759
191300 5.50027 5.15495 4.07055 14.7258
191400 5.38112 5.31326 3.94079 14.6352
191500 5.14922 5.21922 4.01569 14.3841
191600 5.13462 5.21594 3.99457 14.3451
191700 4.75145 5.05677 3.92134 13.7296
191800 5.28699 5.36626 4.02119 14.6744
191900 5.18665 5.09931 4.20374 14.4897
192000 5.11603 5.28772 3.97813 14.3819
192100 5.07668 5.03677 4.32949 14.4429
192200 5.1411 5.20674 4.3527 14.7005
192300 5.25644 5.23937 4.21022 14.706
192400 5.22761 5.0883 3.9226 14.2385
192500 5.51592 5.16595 4.16388 14.8458
192600 5.20781 5.26573 4.10067 14.5742
192700 5.10375 5.24458 4.09868 14.447
192800 5.31021 5.36515 4.20802 14.8834
192900 5.19322 5.17545 4.04794 14.4166
193000 5.49221 5.29489 4.11088 14.898
193100 5.31914 5.35141 4.46603 15.1366
193200 4.95342 5.10046 4.08814 14.142
193300 4.93016 5.52369 4.12814 14.582
193400 5.11346 5.18887 4.08886 14.3912
193500 4.8625 5.23416 3.93881 14.0355
193600 5.17839 5.201 3.91611 14.2955
193700 5.00689 5.21329 4.17237 14.3926
193800 4.99691 5.15136 4.3369 14.4852
193900 5.2852 5.15289 4.42906 14.8671
194000 5.33022 5.44445 4.44378 15.2185
194100 5.01624 5.4296 4.39191 14.8378
194200 5.26543 5.54693 4.31825 15.1306
194300 5.28141 5.11184 4.20664 14.5999
194400 5.39728 5.23701 4.29542 14.9297
194500 5.33224 5.31613 4.33487 14.9832
194600 5.25494 5.33015 4.14791 14.733
194700 5.20969 5.22266 4.38184 14.8142
194800 5.2842 5.31284 4.19195 14.789
194900 5.2951 5.33221 4.31503 14.9424
195000 4.87687 5.21799 4.04215 14.137
195100 5.15042 5.15973 3.88889 14.199
195200 5.33579 5.34865 3.97028 14.6547
195300 5.20853 5.24419 3.81066 14.2634
195400 5.17966 5.18258 3.9405 14.3027
195500 5.1241 5.35198 4.11828 14.5944
195600 5.21803 5.53941 4.09124 14.8487
195700 5.28205 5.28851 3.6807 14.2513
195800 5.08832 5.36676 3.70745 14.1625
195900 5.35787 5.15491 3.9575 14.4703
196000 5.52935 5.05824 4.08707 14.6747
196100 5.39418 5.25533 4.22109 14.8706
196200 5.16301 5.1727 4.31447 14.6502
196300 5.05126 5.23057 4.3026 14.5844
196400 4.96431 5.31601 4.27739 14.5577
196500 5.13026 5.1288 4.35474 14.6138
196600 5.01805 5.09709 3.96911 14.0842
196700 5.11404 5.33465 4.15587 14.6046
196800 5.0638 5.16194 4.13704 14.3628
196900 5.15142 5.22688 4.02608 14.4044
197000 5.35455 5.05879 4.17942 14.5928
197100 5.34572 5.60743 4.21378 15.1669
197200 5.36165 5.24155 3.98963 14.5928
197300 5.2278 5.13785 3.96326 14.3289
197400 4.96678 5.14562 3.84077 13.9532
197500 5.26927 5.32902 4.0239 14.6222
197600 5.36625 5.16258 4.05114 14.58
197700 5.25904 5.36244 4.00757 14.629
197800 4.86759 5.28959 4.10146 14.2586
197900 4.87532 5.23408 4.1866 14.296
198000 5.18653 5.15356 4.00619 14.3463
198100 4.91389 5.16613 3.86903 13.9491
198200 5.25254 5.08472 4.04316 14.3804
198300 5.23832 5.22079 4.09304 14.5522
198400 5.08933 5.1351 4.13929 14.3637
198500 4.84559 5.15239 3.9055 13.9035
198600 4.74305 5.28173 4.12696 14.1517
198700 5.05085 5.18355 4.33443 14.5688
198800 5.34859 5.53969 4.57194 15.4602
198900 5.09136 5.31597 4.12314 14.5305
199000 5.3756 5.0585 4.15998 14.5941
199100 5.41787 5.06838 3.94576 14.432
199200 5.29212 5.24704 3.97779 14.5169
199300 5.38451 5.31851 3.8642 14.5672
199400 5.30222 5.33697 3.68415 14.3233
199500 5.093 5.44185 4.0675 14.6024
199600 5.37651 5.33099 4.13223 14.8397
199700 5.15415 5.35353 4.1159 14.6236
199800 5.60247 5.06262 4.27603 14.9411
199900 5.48408 5.46672 3.90498 14.8558
200000 5.25789 5.00814 4.05217 14.3182
200100 5.6326 5.35286 3.97889 14.9644
200200 5.22407 5.10799 3.88464 14.2167
200300 5.03839 5.23637 4.10078 14.3755
200400 5.25078 5.33954 4.2956 14.8859
200500 5.3156 5.37122 4.2347 14.9215
200600 5.49544 5.14683 4.02958 14.6718
200700 5.41821 5.0759 4.10982 14.6039
200800 5.11326 5.06747 4.23938 14.4201
200900 5.19537 5.04742 4.00896 14.2517
201000 5.39642 4.88675 3.79029 14.0735
201100 5.38737 5.2231 3.92245 14.5329
201200 5.19565 5.24401 3.77307 14.2127
201300 5.45514 5.31697 4.13336 14.9055
201400 5.30303 5.56601 4.35588 15.2249
201500 5.08316 5.37993 3.84459 14.3077
201600 5.18777 5.27107 3.95547 14.4143
201700 5.23563 4.90398 4.04016 14.1798
201800 5.32334 5.07049 4.19765 14.5915
201900 5.00163 5.05256 3.86476 13.9189
202000 5.36617 5.1859 4.16805 14.7201
202100 5.4197 5.0783 3.97947 14.4775
202200 5.32407 5.25506 3.95201 14.5311
202300 5.03594 5.18843 3.76534 13.9897
202400 4.8628 5.28486 3.94942 14.0971
202500 5.06357 5.22748 4.07492 14.366
202600 5.23657 5.15842 4.09242 14.4874
202700 5.01372 5.1745 3.97537 14.1636
202800 5.13543 4.8 3.9825 13.9179
202900 5.25858 5.10559 4.1689 14.5331
203000 5.03876 5.30143 4.05062 14.3908
203100 5.57597 5.19194 4.37135 15.1393
203200 5.36522 5.47527 4.17394 15.0144
203300 5.18125 5.23674 4.40818 14.8262
203400 5.07398 5.10226 4.05542 14.2317
203500 5.11464 4.79408 3.74537 13.6541
203600 5.10629 5.14623 3.62328 13.8758
203700 5.22999 5.04085 3.97795 14.2488
203800 5.2028 5.05242 3.76738 14.0226
203900 5.02094 5.31134 3.76225 14.0945
204000 4.96476 5.18724 3.82745 13.9794
204100 5.07376 5.45836 4.21483 14.7469
204200 5.23976 5.62589 3.88852 14.7542
204300 5.10586 5.32844 4.09757 14.5319
204400 4.66087 5.19145 3.78638 13.6387
204500 4.95532 5.25778 3.83698 14.0501
204600 5.24792 5.43658 4.22863 14.9131
204700 5.26936 5.10829 4.15622 14.5339
204800 5.36221 5.14294 4.08968 14.5948
204900 5.22353 5.02331 3.83911 14.0859
205000 5.19979 4.91443 3.64457 13.7588
205100 5.19366 4.91083 3.8654 13.9699
205200 4.96633 4.77611 3.69894 13.4414
205300 4.71653 5.07892 3.9562 13.7516
205400 5.04014 5.32265 3.8282 14.191
205500 5.31041 5.2505 4.0416 14.6025
205600 5.45557 5.09356 3.78318 14.3323
205700 5.25411 4.97284 3.92957 14.1565
205800 5.16459 5.39322 3.52532 14.0831
205900 5.3354 5.34638 3.86702 14.5488
206000 5.53241 5.50597 4.31376 15.3521
206100 5.45618 5.40677 4.24727 15.1102
206200 5.56884 5.21158 4.30004 15.0805
206300 5.48825 5.17169 4.38674 15.0467
206400 5.38618 5.24831 4.49786 15.1323
206500 5.31521 5.44465 4.18113 14.941
206600 5.20852 5.24486 4.23397 14.6874
206700 5.24136 5.29633 4.27753 14.8152
206800 5.15769 5.25893 4.14284 14.5595
206900 5.308 5.2269 4.43138 14.9663
207000 5.38978 5.42275 4.82735 15.6399
207100 5.29603 5.5164 4.12993 14.9424
207200 5.46797 5.49718 4.4166 15.3817
207300 5.56151 5.32867 4.48515 15.3753
207400 5.41923 5.29914 4.40129 15.1197
207500 5.72926 5.1689 4.09627 14.9944
207600 5.38181 5.09263 4.39655 14.871
207700 5.21585 5.04627 4.69546 14.9576
207800 5.48221 5.31213 4.55703 15.3514
207900 5.25566 5.65079 4.84696 15.7534
208000 5.29731 5.29205 4.88307 15.4724
208100 5.54712 5.37717 5.05274 15.977
208200 5.23782 5.34141 5.14393 15.7232
208300 5.22389 5.50971 4.81959 15.5532
208400 5.39507 5.92017 4.93631 16.2516
208500 5.29733 5.61935 4.99446 15.9111
208600 5.45736 5.31393 4.66236 15.4337
208700 5.28161 5.31348 4.81351 15.4086
208800 5.21788 5.34205 4.7736 15.3335
208900 5.28964 5.40267 4.82096 15.5133
209000 5.1907 5.81715 4.7574 15.7653
209100 5.27 5.66123 4.94206 15.8733
209200 5.14539 5.48389 4.86515 15.4944
209300 5.22564 5.42763 4.76949 15.4228
209400 5.04191 5.63497 4.76159 15.4385
209500 4.92189 5.71723 4.96933 15.6085
209600 5.00892 5.80142 4.94502 15.7554
209700 5.10072 5.99557 4.94432 16.0406
209800 5.1589 5.71201 4.72997 15.6009
209900 4.82977 5.85286 4.98024 15.6629
210000 5.33731 5.9616 4.95579 16.2547
210100 5.24973 5.7518 5.07712 16.0786
210200 5.3627 5.88982 5.02839 16.2809
210300 5.27378 5.82319 5.03659 16.1336
210400 5.67469 5.96283 5.05315 16.6907
210500 5.50672 5.99713 4.89679 16.4006
210600 5.37947 5.90918 4.97189 16.2605
210700 5.19428 5.86041 4.84913 15.9038
210800 5.25001 5.87786 4.94566 16.0735
210900 5.18934 5.63536 4.70747 15.5322
211000 5.17873 5.8948 4.8617 15.9352
211100 5.07191 5.79133 4.91682 15.7801
211200 5.25327 5.70614 5.00398 15.9634
211300 5.28205 6.08673 5.06728 16.4361
211400 5.49428 5.85834 4.97025 16.3229
211500 5.27062 5.75457 4.9276 15.9528
211600 5.32307 5.67343 5.05047 16.047
211700 5.34292 5.68064 5.11211 16.1357
211800 4.98025 5.58522 5.03561 15.6011
211900 5.25697 5.44879 4.93893 15.6447
212000 5.2496 5.48839 5.3554 16.0934
212100 4.90423 5.40332 4.96538 15.2729
212200 5.14173 5.55629 4.65041 15.3484
212300 5.36267 5.42822 4.62544 15.4163
212400 5.44473 5.49489 4.86524 15.8049
212500 5.21278 5.69601 5.03351 15.9423
212600 5.20052 5.96974 5.07046 16.2407
212700 5.24613 5.97081 4.89807 16.115
212800 5.15659 5.6698 4.76733 15.5937
212900 5.20089 5.43471 4.88184 15.5174
213000 5.22328 5.62181 5.05093 15.896
213100 5.01784 5.43967 4.71571 15.1732
213200 4.87469 5.85933 5.20617 15.9402
213300 5.14689 5.97092 5.48517 16.603
213400 5.39496 5.91635 5.47737 16.7887
213500 5.22894 5.85747 5.42863 16.515
213600 5.08615 5.65471 4.77264 15.5135
213700 5.18773 5.86507 5.26262 16.3154
213800 4.96405 5.66319 4.9221 15.5493
213900 5.32279 5.97993 4.82258 16.1253
214000 4.9932 5.63329 5.11876 15.7453
214100 5.07551 5.45491 4.87121 15.4016
214200 5.10083 5.78916 5.23222 16.1222
214300 5.21292 5.73259 5.46107 16.4066
214400 5.53458 5.59668 4.98873 16.12
214500 5.42768 5.76802 5.01249 16.2082
214600 5.17665 5.70168 4.8439 15.7222
214700 5.29636 5.68232 5.12614 16.1048
214800 5.12967 5.94665 5.12563 16.202
214900 5.05813 5.60082 4.8976 15.5566
215000 5.02973 5.54529 4.80612 15.3811
215100 4.95128 5.72999 5.00041 15.6817
215200 5.31999 6.01077 5.18285 16.5136
215300 5.28218 5.80805 5.0094 16.0996
215400 5.39025 5.94425 5.07852 16.413
215500 5.22664 5.54401 5.00027 15.7709
215600 5.41083 5.78268 5.12412 16.3176
215700 5.66674 5.84011 4.59292 16.0998
215800 5.25273 6.06037 5.06093 16.374
215900 5.16633 5.73391 5.04159 15.9418
216000 4.95948 5.69753 5.1949 15.8519
216100 5.27625 5.76347 4.87734 15.9171
216200 5.16471 5.76497 4.9465 15.8762
216300 5.27785 5.69337 4.76686 15.7381
216400 5.31015 5.99297 4.83527 16.1384
216500 5.16218 5.73236 4.83828 15.7328
216600 5.14323 5.80056 4.79044 15.7342
216700 5.44224 5.83351 4.70962 15.9854
216800 5.3437 6.03806 4.74774 16.1295
216900 5.70802 5.72892 5.12141 16.5583
217000 5.53741 5.75727 4.94449 16.2392
217100 5.15826 5.68916 5.05379 15.9012
217200 5.5683 5.79138 5.03326 16.3929
217300 5.45474 5.58642 5.08858 16.1297
217400 5.75233 5.70138 4.89364 16.3474
217500 5.44581 5.6587 4.81651 15.921
217600 5.5178 5.72391 5.10453 16.3463
217700 5.43131 5.68043 5.15979 16.2715
217800 5.58595 5.7839 5.14717 16.517
217900 5.34937 5.83086 4.67912 15.8593
218000 5.20222 5.6708 4.90922 15.7822
218100 5.30977 5.71457 4.75624 15.7806
218200 5.34336 5.5434 4.89236 15.7791
218300 5.49159 5.85486 4.99996 16.3464
218400 5.59988 5.77421 5.07987 16.454
218500 5.54851 5.73582 5.0263 16.3106
218600 5.33424 6.00273 5.14906 16.486
218700 5.29948 5.55075 4.86583 15.7161
218800 5.58967 6.04669 5.1312 16.7676
218900 5.54401 5.91371 4.98956 16.4473
219000 5.67247 5.72261 5.2619 16.657
219100 5.47931 5.73784 4.96124 16.1784
219200 5.16106 5.73688 5.18318 16.0811
219300 5.59752 5.65779 4.77712 16.0324
219400 5.46038 5.5917 4.85568 15.9078
219500 5.35664 5.3839 4.81138 15.5519
219600 5.51655 5.73924 4.60099 15.8568
219700 5.57748 5.68293 4.75949 16.0199
219800 5.27354 5.77941 4.97038 16.0233
219900 5.44221 5.50809 4.91844 15.8687
220000 5.66839 5.64639 4.90644 16.2212
220100 5.50437 5.60495 4.89983 16.0091
220200 5.31565 5.85954 4.93853 16.1137
220300 5.53917 5.92765 4.97106 16.4379
220400 5.4767 6.09706 4.98256 16.5563
220500 5.34362 5.82754 4.95163 16.1228
220600 5.49616 6.07968 4.97692 16.5528
220700 5.50172 5.49857 5.17216 16.1725
220800 5.31326 6.08469 4.97801 16.376
220900 5.38146 6.0206 4.94071 16.3428
221000 5.20794 5.9523 4.81126 15.9715
221100 5.65879 6.17494 4.70871 16.5424
221200 5.4575 5.83487 5.05138 16.3438
221300 5.40993 5.78487 4.95319 16.148
221400 5.293 5.7982 4.8573 15.9485
221500 5.41478 5.74534 4.84798 16.0081
221600 5.21912 5.94838 4.86684 16.0343
221700 5.1997 5.94723 4.9586 16.1055
221800 5.19958 6.04734 5.13971 16.3866
221900 5.21561 5.84738 5.37543 16.4384
222000 5.34466 5.65338 5.02782 16.0259
222100 5.31857 5.77059 4.88427 15.9734
222200 5.22941 5.84066 5.0954 16.1655
222300 5.34519 5.83748 5.15259 16.3353
222400 5.25258 5.66054 4.97478 15.8879
222500 5.44817 5.87283 4.98185 16.3029
222600 5.22332 5.85666 5.38967 16.4697
222700 5.34989 5.86914 5.25039 16.4694
222800 5.50358 5.4038 4.93407 15.8415
222900 5.68046 5.57036 5.13289 16.3837
223000 5.38414 5.68875 5.09018 16.1631
223100 5.43133 5.46357 4.96005 15.8549
223200 5.47303 5.80493 5.10996 16.3879
223300 5.29178 5.42348 5.10693 15.8222
223400 5.2092 5.66719 5.08053 15.9569
223500 5.4822 5.58924 4.90048 15.9719
223600 5.00949 5.3534 5.172 15.5349
223700 5.31935 5.68987 5.26116 16.2704
223800 5.16275 5.6436 4.76828 15.5746
223900 5.28306 5.90689 4.81182 16.0018
224000 5.62437 5.89317 5.17434 16.6919
224100 5.41027 5.84753 5.06458 16.3224
224200 5.08399 5.94494 4.95746 15.9864
224300 4.77589 5.61598 4.98078 15.3726
224400 5.37669 5.97214 4.90435 16.2532
224500 5.33027 5.63944 4.87893 15.8486
224600 5.37255 5.87861 4.88615 16.1373
224700 5.3377 5.77173 4.83486 15.9443
224800 5.33494 5.56637 4.53538 15.4367
224900 5.37337 5.61772 4.77465 15.7657
225000 5.32487 5.59941 4.91601 15.8403
225100 5.12523 5.71703 5.04915 15.8914
225200 5.39435 5.82074 4.82668 16.0418
225300 5.19301 5.97608 4.96837 16.1375
225400 5.33128 5.86811 4.74209 15.9415
225500 5.31063 5.74908 4.72765 15.7874
225600 5.41855 5.84049 4.91121 16.1703
225700 5.20239 6.09759 4.89156 16.1915
225800 5.50796 5.95239 4.8752 16.3355
225900 5.37241 5.916 4.89559 16.184
226000 5.08726 5.74663 5.09215 15.926
226100 5.04311 5.49059 4.58001 15.1137
226200 5.28041 5.6821 4.55855 15.5211
226300 5.48051 5.75783 5.07623 16.3146
226400 5.38606 5.65414 5.18558 16.2258
226500 5.14361 5.75915 4.93858 15.8413
226600 5.35914 6.09298 4.80065 16.2528
226700 5.16267 5.94989 4.86626 15.9788
226800 5.07715 5.80253 4.84138 15.7211
226900 5.48983 5.70019 4.99868 16.1887
227000 5.23801 5.90852 4.81265 15.9592
227100 5.4652 5.91985 4.97581 16.3609
227200 5.33271 5.57558 4.79157 15.6999
227300 5.53791 5.7612 5.04786 16.347
227400 5.40766 5.66443 4.91183 15.9839
227500 5.31607 5.94843 4.79838 16.0629
227600 5.3497 5.72381 4.77189 15.8454
227700 5.12936 5.73584 4.80639 15.6716
227800 5.2927 5.57856 4.86582 15.7371
227900 5.14033 5.22855 4.81444 15.1833
228000 4.98053 5.4695 4.97607 15.4261
228100 4.78687 5.4667 4.83776 15.0913
228200 5.07546 5.68216 4.85945 15.6171
228300 5.24752 5.56822 4.97692 15.7927
228400 5.17105 5.17922 4.51976 14.87
228500 5.24611 5.56911 4.96721 15.7824
228600 4.93408 5.60124 4.86894 15.4043
228700 5.33722 5.81512 5.15384 16.3062
228800 5.34991 5.39519 4.77845 15.5236
228900 5.29759 5.26635 4.86546 15.4294
229000 5.01671 5.26075 5.22615 15.5036
229100 5.05067 5.38199 5.11189 15.5445
229200 5.4444 5.46495 4.86167 15.771
229300 5.39554 5.21002 5.03633 15.6419
229400 5.34222 5.51972 5.16839 16.0303
229500 4.94963 5.64604 5.16594 15.7616
229600 5.10826 5.68744 4.99802 15.7937
229700 5.16052 5.63723 4.90744 15.7052
229800 5.33916 5.7758 4.97686 16.0918
229900 5.22234 5.56106 5.31445 16.0979
230000 5.04313 5.69858 4.99965 15.7414
230100 5.05619 5.71061 4.84408 15.6109
230200 5.30927 5.93564 4.91911 16.164
230300 5.42446 5.77648 4.9849 16.1858
230400 5.17402 5.90313 4.94852 16.0257
230500 5.39843 5.67657 4.92231 15.9973
230600 5.57933 5.76234 4.8092 16.1509
230700 5.41751 6.02589 4.90275 16.3461
230800 5.25624 5.79791 4.92849 15.9826
230900 5.46991 5.87751 5.2679 16.6153
231000 5.18732 5.68983 5.12075 15.9979
231100 5.08563 5.89899 5.03942 16.024
231200 5.45933 5.75176 4.94959 16.1607
231300 5.27347 5.65776 5.08557 16.0168
231400 5.44644 5.96216 4.94369 16.3523
231500 5.39459 5.98683 4.7913 16.1727
231600 5.2602 5.83731 5.10082 16.1983
231700 5.20018 5.81593 4.76008 15.7762
231800 5.12085 5.84822 5.13582 16.1049
231900 5.40702 5.78101 5.18344 16.3715
232000 5.3716 5.52428 4.9092 15.8051
232100 5.12523 5.74783 4.95826 15.8313
232200 5.00086 5.91101 4.90899 15.8209
232300 5.37062 5.88696 4.84432 16.1019
232400 5.09973 5.70351 4.66213 15.4654
232500 5.14615 5.7989 4.67514 15.6202
232600 5.48572 5.51527 4.69152 15.6925
232700 5.40779 5.61308 5.06277 16.0836
232800 5.25742 5.62549 4.85363 15.7365
232900 5.19858 5.42377 4.79999 15.4223
233000 5.22318 5.6106 4.73295 15.5667
233100 5.35787 5.55557 4.897 15.8104
233200 5.50371 5.61527 4.72283 15.8418
233300 5.43041 5.5808 4.73558 15.7468
233400 5.21645 5.70889 5.08014 16.0055
233500 5.42596 5.7576 4.91458 16.0981
233600 5.59577 5.68438 4.92028 16.2004
233700 5.33756 5.843 5.03265 16.2132
233800 5.22202 5.83131 5.1703 16.2236
233900 5.27065 5.78197 5.10113 16.1537
234000 5.13843 5.62519 5.07548 15.8391
234100 5.3101 5.55329 5.06237 15.9258
234200 5.31299 5.77299 4.92618 16.0122
234300 5.48258 6.07439 5.09272 16.6497
234400 5.1971 6.02073 4.77602 15.9939
234500 5.37978 6.21069 4.7792 16.3697
234600 5.19843 5.49722 4.79386 15.4895
234700 5.47652 5.48755 4.77412 15.7382
234800 5.30917 5.56812 4.95286 15.8301
234900 5.52482 5.8792 5.24581 16.6498
235000 4.99756 5.63158 5.13977 15.7689
235100 5.40837 5.68765 5.16435 16.2604
235200 5.09674 5.92092 4.83665 15.8543
235300 5.42957 5.97087 5.05267 16.4531
235400 5.05372 5.89249 4.93974 15.886
235500 5.39872 5.93077 5.00731 16.3368
235600 5.40919 5.95487 5.38803 16.7521
235700 5.22993 5.73649 5.03081 15.9972
235800 5.34748 5.97127 5.0409 16.3597
235900 5.26412 5.90927 5.03131 16.2047
236000 5.38271 5.93117 5.11706 16.4309
236100 5.28827 5.49129 5.02337 15.8029
236200 5.1216 5.85004 4.98035 15.952
236300 5.19776 5.74842 4.86504 15.8112
236400 5.43554 5.78919 4.72178 15.9465
236500 5.12355 5.61056 4.76907 15.5032
236600 5.2642 5.68745 4.62072 15.5724
236700 5.31954 5.6737 4.5959 15.5891
236800 5.05912 5.69073 4.76997 15.5198
236900 5.29557 5.68204 4.65129 15.6289
237000 5.27097 5.6434 4.67308 15.5874
237100 5.15254 5.7585 4.67886 15.5899
237200 5.22715 5.68318 4.73073 15.6411
237300 5.143 5.98995 5.18835 16.3213
237400 5.07701 5.75176 4.62787 15.4566
237500 5.37678 5.7608 4.99187 16.1295
237600 5.11091 5.57209 5.28513 15.9681
237700 5.32447 5.53994 4.87763 15.742
237800 5.3628 5.70331 5.05465 16.1208
237900 5.13448 5.71973 5.03184 15.8861
238000 5.2081 5.89859 4.82163 15.9283
238100 4.98073 5.65504 4.67132 15.3071
238200 5.22955 5.85469 5.12466 16.2089
238300 5.51321 5.98623 5.00884 16.5083
238400 5.09349 5.74818 4.80825 15.6499
238500 5.33788 5.75858 4.87375 15.9702
238600 5.36389 5.78014 4.87946 16.0235
238700 5.17488 5.87125 4.96725 16.0134
238800 5.29219 5.88172 4.80368 15.9776
238900 5.20529 5.79167 5.20379 16.2007
239000 5.27321 5.96878 5.10699 16.349
239100 5.46024 5.96215 4.85734 16.2797
239200 5.30703 5.76206 5.05258 16.1217
239300 5.38894 5.88902 5.03746 16.3154
239400 5.26366 5.95607 5.09996 16.3197
239500 5.21196 5.71471 4.90696 15.8336
239600 5.32763 5.70513 5.02839 16.0612
239700 5.21026 5.93404 4.93456 16.0789
239800 5.1465 5.52842 4.83642 15.5113
239900 5.28598 5.53768 5.00179 15.8255
240000 5.17433 5.72089 4.80607 15.7013
240100 5.17912 5.51327 4.78774 15.4801
240200 5.43404 5.56229 4.90493 15.9013
240300 5.31135 5.61279 4.80559 15.7297
240400 5.55535 5.72848 5.17505 16.4589
240500 5.64163 6.03344 4.85029 16.5254
240600 5.4286 5.84512 5.07424 16.348
240700 5.43335 5.98535 4.94995 16.3686
240800 5.27641 5.8364 5.17693 16.2897
240900 5.45056 6.01784 5.10837 16.5768
241000 5.31091 5.93659 4.83195 16.0794
241100 5.49828 5.86768 4.75292 16.1189
241200 5.49061 5.62686 5.06373 16.1812
241300 5.33 5.56537 4.899 15.7944
241400 5.11593 5.79174 4.9431 15.8508
241500 5.19931 5.64231 5.04602 15.8876
241600 5.57684 5.82428 4.99199 16.3931
241700 5.22477 5.7655 5.22486 16.2151
241800 5.07993 5.78162 5.1744 16.036
241900 5.20901 5.82783 4.9919 16.0287
242000 5.38365 5.80999 5.01824 16.2119
242100 5.28469 5.62704 4.77667 15.6884
242200 5.01296 5.54818 4.90972 15.4709
242300 5.26022 5.99987 5.01163 16.2717
242400 5.46702 6.0348 4.82207 16.3239
242500 5.5066 6.23689 4.98406 16.7275
242600 5.22334 5.79894 4.76485 15.7871
242700 5.08602 5.72491 4.93107 15.742
242800 5.27093 5.93455 5.01855 16.224
242900 5.31344 5.79734 5.01878 16.1296
243000 5.55444 5.69586 5.08709 16.3374
243100 5.33166 5.94812 4.87297 16.1527
243200 5.27143 5.89125 4.9843 16.147
243300 4.94682 5.83164 4.75479 15.5332
243400 5.09218 5.88984 4.77545 15.7575
243500 5.10127 5.73278 4.70539 15.5394
243600 5.30172 5.63189 4.64835 15.582
243700 4.99416 5.72763 4.68603 15.4078
243800 5.13006 5.68963 4.78199 15.6017
243900 5.0315 5.63345 5.17835 15.8433
244000 5.34773 5.51724 5.04741 15.9124
244100 5.24259 5.42379 4.84772 15.5141
244200 5.15214 5.54591 4.87532 15.5734
244300 5.48267 5.64768 4.90361 16.034
244400 5.72075 5.40262 4.81575 15.9391
244500 5.53861 5.56871 4.76007 15.8674
244600 5.41216 5.71953 4.76999 15.9017
244700 5.35264 5.66438 4.86349 15.8805
244800 5.39748 5.74556 4.72831 15.8714
244900 5.22669 5.7619 4.88232 15.8709
245000 5.41073 5.7777 4.95516 16.1436
245100 5.59255 5.8259 4.96372 16.3822
245200 5.37291 5.94054 4.91041 16.2239
245300 5.56828 5.67417 4.64194 15.8844
245400 5.63955 5.55504 4.87403 16.0686
245500 5.66702 5.34565 4.65674 15.6694
245600 5.31599 5.67958 4.8323 15.8279
245700 5.60653 5.52068 4.81879 15.946
245800 5.20172 5.56814 4.93957 15.7094
245900 4.96084 5.49295 4.76869 15.2225
246000 4.99493 5.7733 4.80269 15.5709
246100 5.38486 5.77949 4.92227 16.0866
246200 5.25195 5.58771 4.72297 15.5626
246300 5.16875 5.64061 4.9072 15.7166
246400 5.33478 5.69995 4.8853 15.92
246500 5.49344 5.5524 4.7254 15.7712
246600 5.19237 5.50993 4.72036 15.4227
246700 5.50799 5.55953 4.96449 16.032
246800 5.41656 5.48644 4.75293 15.6559
246900 5.56295 5.71166 4.97532 16.2499
247000 5.64509 5.80213 4.79676 16.244
247100 5.43269 5.73392 4.60093 15.7675
247200 5.66309 5.9636 4.7962 16.4229
247300 5.33152 5.93876 4.86915 16.1394
247400 5.58544 6.08861 5.2669 16.941
247500 5.13414 5.79921 5.12833 16.0617
247600 5.35066 5.7435 5.37492 16.4691
247700 5.25701 5.22091 5.12272 15.6006
247800 5.14373 5.2591 5.20299 15.6058
247900 5.26567 5.49424 5.34267 16.1026
248000 5.36819 5.60726 4.97973 15.9552
248100 5.22524 5.67327 4.89318 15.7917
248200 5.28407 5.81721 5.05984 16.1611
248300 5.38556 5.61098 4.83433 15.8309
248400 5.48534 5.82851 4.90901 16.2229
248500 5.59078 5.98384 4.78676 16.3614
248600 5.6652 5.90434 4.69487 16.2644
248700 5.49501 5.95161 4.8051 16.2517
248800 5.52956 5.84226 4.76349 16.1353
248900 5.57392 5.76896 4.70455 16.0474
249000 5.32664 5.73488 4.7082 15.7697
249100 5.41372 5.92851 4.85582 16.1981
249200 5.44414 5.63643 5.04133 16.1219
249300 5.45336 6.3327 4.946 16.7321
249400 5.50262 6.34826 5.28654 17.1374
249500 5.47993 6.13064 5.061 16.6716
249600 5.57372 6.06574 4.96201 16.6015
249700 5.30121 5.63061 5.09885 16.0307
249800 5.22814 6.0452 4.69084 15.9642
249900 5.58444 5.94601 4.91618 16.4466
250000 5.33304 6.20373 5.18752 16.7243
